/*--------------------------------*- C++ -*----------------------------------*\
  =========                 |
  \\      /  F ield         | OpenFOAM: The Open Source CFD Toolbox
   \\    /   O peration     | Website:  https://openfoam.org
    \\  /    A nd           | Version:  6
     \\/     M anipulation  |
\*---------------------------------------------------------------------------*/
FoamFile
{
    version     2.0;
    format      ascii;
    class       labelList;
    note        "nPoints:16770  nCells:8192  nFaces:32960  nInternalFaces:16192";
    location    "constant/polyMesh";
    object      neighbour;
}
// * * * * * * * * * * * * * * * * * * * * * * * * * * * * * * * * * * * * * //


16192
(
1
64
2
65
3
66
4
67
5
68
6
69
7
70
8
71
9
72
10
73
11
74
12
75
13
76
14
77
15
78
16
79
17
80
18
81
19
82
20
83
21
84
22
85
23
86
24
87
25
88
26
89
27
90
28
91
29
92
30
93
31
94
32
95
33
96
34
97
35
98
36
99
37
100
38
101
39
102
40
103
41
104
42
105
43
106
44
107
45
108
46
109
47
110
48
111
49
112
50
113
51
114
52
115
53
116
54
117
55
118
56
119
57
120
58
121
59
122
60
123
61
124
62
125
63
126
127
65
128
66
129
67
130
68
131
69
132
70
133
71
134
72
135
73
136
74
137
75
138
76
139
77
140
78
141
79
142
80
143
81
144
82
145
83
146
84
147
85
148
86
149
87
150
88
151
89
152
90
153
91
154
92
155
93
156
94
157
95
158
96
159
97
160
98
161
99
162
100
163
101
164
102
165
103
166
104
167
105
168
106
169
107
170
108
171
109
172
110
173
111
174
112
175
113
176
114
177
115
178
116
179
117
180
118
181
119
182
120
183
121
184
122
185
123
186
124
187
125
188
126
189
127
190
191
129
192
130
193
131
194
132
195
133
196
134
197
135
198
136
199
137
200
138
201
139
202
140
203
141
204
142
205
143
206
144
207
145
208
146
209
147
210
148
211
149
212
150
213
151
214
152
215
153
216
154
217
155
218
156
219
157
220
158
221
159
222
160
223
161
224
162
225
163
226
164
227
165
228
166
229
167
230
168
231
169
232
170
233
171
234
172
235
173
236
174
237
175
238
176
239
177
240
178
241
179
242
180
243
181
244
182
245
183
246
184
247
185
248
186
249
187
250
188
251
189
252
190
253
191
254
255
193
256
194
257
195
258
196
259
197
260
198
261
199
262
200
263
201
264
202
265
203
266
204
267
205
268
206
269
207
270
208
271
209
272
210
273
211
274
212
275
213
276
214
277
215
278
216
279
217
280
218
281
219
282
220
283
221
284
222
285
223
286
224
287
225
288
226
289
227
290
228
291
229
292
230
293
231
294
232
295
233
296
234
297
235
298
236
299
237
300
238
301
239
302
240
303
241
304
242
305
243
306
244
307
245
308
246
309
247
310
248
311
249
312
250
313
251
314
252
315
253
316
254
317
255
318
319
257
320
258
321
259
322
260
323
261
324
262
325
263
326
264
327
265
328
266
329
267
330
268
331
269
332
270
333
271
334
272
335
273
336
274
337
275
338
276
339
277
340
278
341
279
342
280
343
281
344
282
345
283
346
284
347
285
348
286
349
287
350
288
351
289
352
290
353
291
354
292
355
293
356
294
357
295
358
296
359
297
360
298
361
299
362
300
363
301
364
302
365
303
366
304
367
305
368
306
369
307
370
308
371
309
372
310
373
311
374
312
375
313
376
314
377
315
378
316
379
317
380
318
381
319
382
383
321
384
322
385
323
386
324
387
325
388
326
389
327
390
328
391
329
392
330
393
331
394
332
395
333
396
334
397
335
398
336
399
337
400
338
401
339
402
340
403
341
404
342
405
343
406
344
407
345
408
346
409
347
410
348
411
349
412
350
413
351
414
352
415
353
416
354
417
355
418
356
419
357
420
358
421
359
422
360
423
361
424
362
425
363
426
364
427
365
428
366
429
367
430
368
431
369
432
370
433
371
434
372
435
373
436
374
437
375
438
376
439
377
440
378
441
379
442
380
443
381
444
382
445
383
446
447
385
448
386
449
387
450
388
451
389
452
390
453
391
454
392
455
393
456
394
457
395
458
396
459
397
460
398
461
399
462
400
463
401
464
402
465
403
466
404
467
405
468
406
469
407
470
408
471
409
472
410
473
411
474
412
475
413
476
414
477
415
478
416
479
417
480
418
481
419
482
420
483
421
484
422
485
423
486
424
487
425
488
426
489
427
490
428
491
429
492
430
493
431
494
432
495
433
496
434
497
435
498
436
499
437
500
438
501
439
502
440
503
441
504
442
505
443
506
444
507
445
508
446
509
447
510
511
449
512
450
513
451
514
452
515
453
516
454
517
455
518
456
519
457
520
458
521
459
522
460
523
461
524
462
525
463
526
464
527
465
528
466
529
467
530
468
531
469
532
470
533
471
534
472
535
473
536
474
537
475
538
476
539
477
540
478
541
479
542
480
543
481
544
482
545
483
546
484
547
485
548
486
549
487
550
488
551
489
552
490
553
491
554
492
555
493
556
494
557
495
558
496
559
497
560
498
561
499
562
500
563
501
564
502
565
503
566
504
567
505
568
506
569
507
570
508
571
509
572
510
573
511
574
575
513
576
514
577
515
578
516
579
517
580
518
581
519
582
520
583
521
584
522
585
523
586
524
587
525
588
526
589
527
590
528
591
529
592
530
593
531
594
532
595
533
596
534
597
535
598
536
599
537
600
538
601
539
602
540
603
541
604
542
605
543
606
544
607
545
608
546
609
547
610
548
611
549
612
550
613
551
614
552
615
553
616
554
617
555
618
556
619
557
620
558
621
559
622
560
623
561
624
562
625
563
626
564
627
565
628
566
629
567
630
568
631
569
632
570
633
571
634
572
635
573
636
574
637
575
638
639
577
640
578
641
579
642
580
643
581
644
582
645
583
646
584
647
585
648
586
649
587
650
588
651
589
652
590
653
591
654
592
655
593
656
594
657
595
658
596
659
597
660
598
661
599
662
600
663
601
664
602
665
603
666
604
667
605
668
606
669
607
670
608
671
609
672
610
673
611
674
612
675
613
676
614
677
615
678
616
679
617
680
618
681
619
682
620
683
621
684
622
685
623
686
624
687
625
688
626
689
627
690
628
691
629
692
630
693
631
694
632
695
633
696
634
697
635
698
636
699
637
700
638
701
639
702
703
641
704
642
705
643
706
644
707
645
708
646
709
647
710
648
711
649
712
650
713
651
714
652
715
653
716
654
717
655
718
656
719
657
720
658
721
659
722
660
723
661
724
662
725
663
726
664
727
665
728
666
729
667
730
668
731
669
732
670
733
671
734
672
735
673
736
674
737
675
738
676
739
677
740
678
741
679
742
680
743
681
744
682
745
683
746
684
747
685
748
686
749
687
750
688
751
689
752
690
753
691
754
692
755
693
756
694
757
695
758
696
759
697
760
698
761
699
762
700
763
701
764
702
765
703
766
767
705
768
706
769
707
770
708
771
709
772
710
773
711
774
712
775
713
776
714
777
715
778
716
779
717
780
718
781
719
782
720
783
721
784
722
785
723
786
724
787
725
788
726
789
727
790
728
791
729
792
730
793
731
794
732
795
733
796
734
797
735
798
736
799
737
800
738
801
739
802
740
803
741
804
742
805
743
806
744
807
745
808
746
809
747
810
748
811
749
812
750
813
751
814
752
815
753
816
754
817
755
818
756
819
757
820
758
821
759
822
760
823
761
824
762
825
763
826
764
827
765
828
766
829
767
830
831
769
832
770
833
771
834
772
835
773
836
774
837
775
838
776
839
777
840
778
841
779
842
780
843
781
844
782
845
783
846
784
847
785
848
786
849
787
850
788
851
789
852
790
853
791
854
792
855
793
856
794
857
795
858
796
859
797
860
798
861
799
862
800
863
801
864
802
865
803
866
804
867
805
868
806
869
807
870
808
871
809
872
810
873
811
874
812
875
813
876
814
877
815
878
816
879
817
880
818
881
819
882
820
883
821
884
822
885
823
886
824
887
825
888
826
889
827
890
828
891
829
892
830
893
831
894
895
833
896
834
897
835
898
836
899
837
900
838
901
839
902
840
903
841
904
842
905
843
906
844
907
845
908
846
909
847
910
848
911
849
912
850
913
851
914
852
915
853
916
854
917
855
918
856
919
857
920
858
921
859
922
860
923
861
924
862
925
863
926
864
927
865
928
866
929
867
930
868
931
869
932
870
933
871
934
872
935
873
936
874
937
875
938
876
939
877
940
878
941
879
942
880
943
881
944
882
945
883
946
884
947
885
948
886
949
887
950
888
951
889
952
890
953
891
954
892
955
893
956
894
957
895
958
959
897
960
898
961
899
962
900
963
901
964
902
965
903
966
904
967
905
968
906
969
907
970
908
971
909
972
910
973
911
974
912
975
913
976
914
977
915
978
916
979
917
980
918
981
919
982
920
983
921
984
922
985
923
986
924
987
925
988
926
989
927
990
928
991
929
992
930
993
931
994
932
995
933
996
934
997
935
998
936
999
937
1000
938
1001
939
1002
940
1003
941
1004
942
1005
943
1006
944
1007
945
1008
946
1009
947
1010
948
1011
949
1012
950
1013
951
1014
952
1015
953
1016
954
1017
955
1018
956
1019
957
1020
958
1021
959
1022
1023
961
1024
962
1025
963
1026
964
1027
965
1028
966
1029
967
1030
968
1031
969
1032
970
1033
971
1034
972
1035
973
1036
974
1037
975
1038
976
1039
977
1040
978
1041
979
1042
980
1043
981
1044
982
1045
983
1046
984
1047
985
1048
986
1049
987
1050
988
1051
989
1052
990
1053
991
1054
992
1055
993
1056
994
1057
995
1058
996
1059
997
1060
998
1061
999
1062
1000
1063
1001
1064
1002
1065
1003
1066
1004
1067
1005
1068
1006
1069
1007
1070
1008
1071
1009
1072
1010
1073
1011
1074
1012
1075
1013
1076
1014
1077
1015
1078
1016
1079
1017
1080
1018
1081
1019
1082
1020
1083
1021
1084
1022
1085
1023
1086
1087
1025
1088
1026
1089
1027
1090
1028
1091
1029
1092
1030
1093
1031
1094
1032
1095
1033
1096
1034
1097
1035
1098
1036
1099
1037
1100
1038
1101
1039
1102
1040
1103
1041
1104
1042
1105
1043
1106
1044
1107
1045
1108
1046
1109
1047
1110
1048
1111
1049
1112
1050
1113
1051
1114
1052
1115
1053
1116
1054
1117
1055
1118
1056
1119
1057
1120
1058
1121
1059
1122
1060
1123
1061
1124
1062
1125
1063
1126
1064
1127
1065
1128
1066
1129
1067
1130
1068
1131
1069
1132
1070
1133
1071
1134
1072
1135
1073
1136
1074
1137
1075
1138
1076
1139
1077
1140
1078
1141
1079
1142
1080
1143
1081
1144
1082
1145
1083
1146
1084
1147
1085
1148
1086
1149
1087
1150
1151
1089
1152
1090
1153
1091
1154
1092
1155
1093
1156
1094
1157
1095
1158
1096
1159
1097
1160
1098
1161
1099
1162
1100
1163
1101
1164
1102
1165
1103
1166
1104
1167
1105
1168
1106
1169
1107
1170
1108
1171
1109
1172
1110
1173
1111
1174
1112
1175
1113
1176
1114
1177
1115
1178
1116
1179
1117
1180
1118
1181
1119
1182
1120
1183
1121
1184
1122
1185
1123
1186
1124
1187
1125
1188
1126
1189
1127
1190
1128
1191
1129
1192
1130
1193
1131
1194
1132
1195
1133
1196
1134
1197
1135
1198
1136
1199
1137
1200
1138
1201
1139
1202
1140
1203
1141
1204
1142
1205
1143
1206
1144
1207
1145
1208
1146
1209
1147
1210
1148
1211
1149
1212
1150
1213
1151
1214
1215
1153
1216
1154
1217
1155
1218
1156
1219
1157
1220
1158
1221
1159
1222
1160
1223
1161
1224
1162
1225
1163
1226
1164
1227
1165
1228
1166
1229
1167
1230
1168
1231
1169
1232
1170
1233
1171
1234
1172
1235
1173
1236
1174
1237
1175
1238
1176
1239
1177
1240
1178
1241
1179
1242
1180
1243
1181
1244
1182
1245
1183
1246
1184
1247
1185
1248
1186
1249
1187
1250
1188
1251
1189
1252
1190
1253
1191
1254
1192
1255
1193
1256
1194
1257
1195
1258
1196
1259
1197
1260
1198
1261
1199
1262
1200
1263
1201
1264
1202
1265
1203
1266
1204
1267
1205
1268
1206
1269
1207
1270
1208
1271
1209
1272
1210
1273
1211
1274
1212
1275
1213
1276
1214
1277
1215
1278
1279
1217
1280
1218
1281
1219
1282
1220
1283
1221
1284
1222
1285
1223
1286
1224
1287
1225
1288
1226
1289
1227
1290
1228
1291
1229
1292
1230
1293
1231
1294
1232
1295
1233
1296
1234
1297
1235
1298
1236
1299
1237
1300
1238
1301
1239
1302
1240
1303
1241
1304
1242
1305
1243
1306
1244
1307
1245
1308
1246
1309
1247
1310
1248
1311
1249
1312
1250
1313
1251
1314
1252
1315
1253
1316
1254
1317
1255
1318
1256
1319
1257
1320
1258
1321
1259
1322
1260
1323
1261
1324
1262
1325
1263
1326
1264
1327
1265
1328
1266
1329
1267
1330
1268
1331
1269
1332
1270
1333
1271
1334
1272
1335
1273
1336
1274
1337
1275
1338
1276
1339
1277
1340
1278
1341
1279
1342
1343
1281
1344
1282
1345
1283
1346
1284
1347
1285
1348
1286
1349
1287
1350
1288
1351
1289
1352
1290
1353
1291
1354
1292
1355
1293
1356
1294
1357
1295
1358
1296
1359
1297
1360
1298
1361
1299
1362
1300
1363
1301
1364
1302
1365
1303
1366
1304
1367
1305
1368
1306
1369
1307
1370
1308
1371
1309
1372
1310
1373
1311
1374
1312
1375
1313
1376
1314
1377
1315
1378
1316
1379
1317
1380
1318
1381
1319
1382
1320
1383
1321
1384
1322
1385
1323
1386
1324
1387
1325
1388
1326
1389
1327
1390
1328
1391
1329
1392
1330
1393
1331
1394
1332
1395
1333
1396
1334
1397
1335
1398
1336
1399
1337
1400
1338
1401
1339
1402
1340
1403
1341
1404
1342
1405
1343
1406
1407
1345
1408
1346
1409
1347
1410
1348
1411
1349
1412
1350
1413
1351
1414
1352
1415
1353
1416
1354
1417
1355
1418
1356
1419
1357
1420
1358
1421
1359
1422
1360
1423
1361
1424
1362
1425
1363
1426
1364
1427
1365
1428
1366
1429
1367
1430
1368
1431
1369
1432
1370
1433
1371
1434
1372
1435
1373
1436
1374
1437
1375
1438
1376
1439
1377
1440
1378
1441
1379
1442
1380
1443
1381
1444
1382
1445
1383
1446
1384
1447
1385
1448
1386
1449
1387
1450
1388
1451
1389
1452
1390
1453
1391
1454
1392
1455
1393
1456
1394
1457
1395
1458
1396
1459
1397
1460
1398
1461
1399
1462
1400
1463
1401
1464
1402
1465
1403
1466
1404
1467
1405
1468
1406
1469
1407
1470
1471
1409
1472
1410
1473
1411
1474
1412
1475
1413
1476
1414
1477
1415
1478
1416
1479
1417
1480
1418
1481
1419
1482
1420
1483
1421
1484
1422
1485
1423
1486
1424
1487
1425
1488
1426
1489
1427
1490
1428
1491
1429
1492
1430
1493
1431
1494
1432
1495
1433
1496
1434
1497
1435
1498
1436
1499
1437
1500
1438
1501
1439
1502
1440
1503
1441
1504
1442
1505
1443
1506
1444
1507
1445
1508
1446
1509
1447
1510
1448
1511
1449
1512
1450
1513
1451
1514
1452
1515
1453
1516
1454
1517
1455
1518
1456
1519
1457
1520
1458
1521
1459
1522
1460
1523
1461
1524
1462
1525
1463
1526
1464
1527
1465
1528
1466
1529
1467
1530
1468
1531
1469
1532
1470
1533
1471
1534
1535
1473
1536
1474
1537
1475
1538
1476
1539
1477
1540
1478
1541
1479
1542
1480
1543
1481
1544
1482
1545
1483
1546
1484
1547
1485
1548
1486
1549
1487
1550
1488
1551
1489
1552
1490
1553
1491
1554
1492
1555
1493
1556
1494
1557
1495
1558
1496
1559
1497
1560
1498
1561
1499
1562
1500
1563
1501
1564
1502
1565
1503
1566
1504
1567
1505
1568
1506
1569
1507
1570
1508
1571
1509
1572
1510
1573
1511
1574
1512
1575
1513
1576
1514
1577
1515
1578
1516
1579
1517
1580
1518
1581
1519
1582
1520
1583
1521
1584
1522
1585
1523
1586
1524
1587
1525
1588
1526
1589
1527
1590
1528
1591
1529
1592
1530
1593
1531
1594
1532
1595
1533
1596
1534
1597
1535
1598
1599
1537
1600
1538
1601
1539
1602
1540
1603
1541
1604
1542
1605
1543
1606
1544
1607
1545
1608
1546
1609
1547
1610
1548
1611
1549
1612
1550
1613
1551
1614
1552
1615
1553
1616
1554
1617
1555
1618
1556
1619
1557
1620
1558
1621
1559
1622
1560
1623
1561
1624
1562
1625
1563
1626
1564
1627
1565
1628
1566
1629
1567
1630
1568
1631
1569
1632
1570
1633
1571
1634
1572
1635
1573
1636
1574
1637
1575
1638
1576
1639
1577
1640
1578
1641
1579
1642
1580
1643
1581
1644
1582
1645
1583
1646
1584
1647
1585
1648
1586
1649
1587
1650
1588
1651
1589
1652
1590
1653
1591
1654
1592
1655
1593
1656
1594
1657
1595
1658
1596
1659
1597
1660
1598
1661
1599
1662
1663
1601
1664
1602
1665
1603
1666
1604
1667
1605
1668
1606
1669
1607
1670
1608
1671
1609
1672
1610
1673
1611
1674
1612
1675
1613
1676
1614
1677
1615
1678
1616
1679
1617
1680
1618
1681
1619
1682
1620
1683
1621
1684
1622
1685
1623
1686
1624
1687
1625
1688
1626
1689
1627
1690
1628
1691
1629
1692
1630
1693
1631
1694
1632
1695
1633
1696
1634
1697
1635
1698
1636
1699
1637
1700
1638
1701
1639
1702
1640
1703
1641
1704
1642
1705
1643
1706
1644
1707
1645
1708
1646
1709
1647
1710
1648
1711
1649
1712
1650
1713
1651
1714
1652
1715
1653
1716
1654
1717
1655
1718
1656
1719
1657
1720
1658
1721
1659
1722
1660
1723
1661
1724
1662
1725
1663
1726
1727
1665
1728
1666
1729
1667
1730
1668
1731
1669
1732
1670
1733
1671
1734
1672
1735
1673
1736
1674
1737
1675
1738
1676
1739
1677
1740
1678
1741
1679
1742
1680
1743
1681
1744
1682
1745
1683
1746
1684
1747
1685
1748
1686
1749
1687
1750
1688
1751
1689
1752
1690
1753
1691
1754
1692
1755
1693
1756
1694
1757
1695
1758
1696
1759
1697
1760
1698
1761
1699
1762
1700
1763
1701
1764
1702
1765
1703
1766
1704
1767
1705
1768
1706
1769
1707
1770
1708
1771
1709
1772
1710
1773
1711
1774
1712
1775
1713
1776
1714
1777
1715
1778
1716
1779
1717
1780
1718
1781
1719
1782
1720
1783
1721
1784
1722
1785
1723
1786
1724
1787
1725
1788
1726
1789
1727
1790
1791
1729
1792
1730
1793
1731
1794
1732
1795
1733
1796
1734
1797
1735
1798
1736
1799
1737
1800
1738
1801
1739
1802
1740
1803
1741
1804
1742
1805
1743
1806
1744
1807
1745
1808
1746
1809
1747
1810
1748
1811
1749
1812
1750
1813
1751
1814
1752
1815
1753
1816
1754
1817
1755
1818
1756
1819
1757
1820
1758
1821
1759
1822
1760
1823
1761
1824
1762
1825
1763
1826
1764
1827
1765
1828
1766
1829
1767
1830
1768
1831
1769
1832
1770
1833
1771
1834
1772
1835
1773
1836
1774
1837
1775
1838
1776
1839
1777
1840
1778
1841
1779
1842
1780
1843
1781
1844
1782
1845
1783
1846
1784
1847
1785
1848
1786
1849
1787
1850
1788
1851
1789
1852
1790
1853
1791
1854
1855
1793
1856
1794
1857
1795
1858
1796
1859
1797
1860
1798
1861
1799
1862
1800
1863
1801
1864
1802
1865
1803
1866
1804
1867
1805
1868
1806
1869
1807
1870
1808
1871
1809
1872
1810
1873
1811
1874
1812
1875
1813
1876
1814
1877
1815
1878
1816
1879
1817
1880
1818
1881
1819
1882
1820
1883
1821
1884
1822
1885
1823
1886
1824
1887
1825
1888
1826
1889
1827
1890
1828
1891
1829
1892
1830
1893
1831
1894
1832
1895
1833
1896
1834
1897
1835
1898
1836
1899
1837
1900
1838
1901
1839
1902
1840
1903
1841
1904
1842
1905
1843
1906
1844
1907
1845
1908
1846
1909
1847
1910
1848
1911
1849
1912
1850
1913
1851
1914
1852
1915
1853
1916
1854
1917
1855
1918
1919
1857
1920
1858
1921
1859
1922
1860
1923
1861
1924
1862
1925
1863
1926
1864
1927
1865
1928
1866
1929
1867
1930
1868
1931
1869
1932
1870
1933
1871
1934
1872
1935
1873
1936
1874
1937
1875
1938
1876
1939
1877
1940
1878
1941
1879
1942
1880
1943
1881
1944
1882
1945
1883
1946
1884
1947
1885
1948
1886
1949
1887
1950
1888
1951
1889
1952
1890
1953
1891
1954
1892
1955
1893
1956
1894
1957
1895
1958
1896
1959
1897
1960
1898
1961
1899
1962
1900
1963
1901
1964
1902
1965
1903
1966
1904
1967
1905
1968
1906
1969
1907
1970
1908
1971
1909
1972
1910
1973
1911
1974
1912
1975
1913
1976
1914
1977
1915
1978
1916
1979
1917
1980
1918
1981
1919
1982
1983
1921
1984
1922
1985
1923
1986
1924
1987
1925
1988
1926
1989
1927
1990
1928
1991
1929
1992
1930
1993
1931
1994
1932
1995
1933
1996
1934
1997
1935
1998
1936
1999
1937
2000
1938
2001
1939
2002
1940
2003
1941
2004
1942
2005
1943
2006
1944
2007
1945
2008
1946
2009
1947
2010
1948
2011
1949
2012
1950
2013
1951
2014
1952
2015
1953
2016
1954
2017
1955
2018
1956
2019
1957
2020
1958
2021
1959
2022
1960
2023
1961
2024
1962
2025
1963
2026
1964
2027
1965
2028
1966
2029
1967
2030
1968
2031
1969
2032
1970
2033
1971
2034
1972
2035
1973
2036
1974
2037
1975
2038
1976
2039
1977
2040
1978
2041
1979
2042
1980
2043
1981
2044
1982
2045
1983
2046
2047
1985
2048
1986
2049
1987
2050
1988
2051
1989
2052
1990
2053
1991
2054
1992
2055
1993
2056
1994
2057
1995
2058
1996
2059
1997
2060
1998
2061
1999
2062
2000
2063
2001
2064
2002
2065
2003
2066
2004
2067
2005
2068
2006
2069
2007
2070
2008
2071
2009
2072
2010
2073
2011
2074
2012
2075
2013
2076
2014
2077
2015
2078
2016
2079
2017
2080
2018
2081
2019
2082
2020
2083
2021
2084
2022
2085
2023
2086
2024
2087
2025
2088
2026
2089
2027
2090
2028
2091
2029
2092
2030
2093
2031
2094
2032
2095
2033
2096
2034
2097
2035
2098
2036
2099
2037
2100
2038
2101
2039
2102
2040
2103
2041
2104
2042
2105
2043
2106
2044
2107
2045
2108
2046
2109
2047
2110
2111
2049
2112
2050
2113
2051
2114
2052
2115
2053
2116
2054
2117
2055
2118
2056
2119
2057
2120
2058
2121
2059
2122
2060
2123
2061
2124
2062
2125
2063
2126
2064
2127
2065
2128
2066
2129
2067
2130
2068
2131
2069
2132
2070
2133
2071
2134
2072
2135
2073
2136
2074
2137
2075
2138
2076
2139
2077
2140
2078
2141
2079
2142
2080
2143
2081
2144
2082
2145
2083
2146
2084
2147
2085
2148
2086
2149
2087
2150
2088
2151
2089
2152
2090
2153
2091
2154
2092
2155
2093
2156
2094
2157
2095
2158
2096
2159
2097
2160
2098
2161
2099
2162
2100
2163
2101
2164
2102
2165
2103
2166
2104
2167
2105
2168
2106
2169
2107
2170
2108
2171
2109
2172
2110
2173
2111
2174
2175
2113
2176
2114
2177
2115
2178
2116
2179
2117
2180
2118
2181
2119
2182
2120
2183
2121
2184
2122
2185
2123
2186
2124
2187
2125
2188
2126
2189
2127
2190
2128
2191
2129
2192
2130
2193
2131
2194
2132
2195
2133
2196
2134
2197
2135
2198
2136
2199
2137
2200
2138
2201
2139
2202
2140
2203
2141
2204
2142
2205
2143
2206
2144
2207
2145
2208
2146
2209
2147
2210
2148
2211
2149
2212
2150
2213
2151
2214
2152
2215
2153
2216
2154
2217
2155
2218
2156
2219
2157
2220
2158
2221
2159
2222
2160
2223
2161
2224
2162
2225
2163
2226
2164
2227
2165
2228
2166
2229
2167
2230
2168
2231
2169
2232
2170
2233
2171
2234
2172
2235
2173
2236
2174
2237
2175
2238
2239
2177
2240
2178
2241
2179
2242
2180
2243
2181
2244
2182
2245
2183
2246
2184
2247
2185
2248
2186
2249
2187
2250
2188
2251
2189
2252
2190
2253
2191
2254
2192
2255
2193
2256
2194
2257
2195
2258
2196
2259
2197
2260
2198
2261
2199
2262
2200
2263
2201
2264
2202
2265
2203
2266
2204
2267
2205
2268
2206
2269
2207
2270
2208
2271
2209
2272
2210
2273
2211
2274
2212
2275
2213
2276
2214
2277
2215
2278
2216
2279
2217
2280
2218
2281
2219
2282
2220
2283
2221
2284
2222
2285
2223
2286
2224
2287
2225
2288
2226
2289
2227
2290
2228
2291
2229
2292
2230
2293
2231
2294
2232
2295
2233
2296
2234
2297
2235
2298
2236
2299
2237
2300
2238
2301
2239
2302
2303
2241
2304
2242
2305
2243
2306
2244
2307
2245
2308
2246
2309
2247
2310
2248
2311
2249
2312
2250
2313
2251
2314
2252
2315
2253
2316
2254
2317
2255
2318
2256
2319
2257
2320
2258
2321
2259
2322
2260
2323
2261
2324
2262
2325
2263
2326
2264
2327
2265
2328
2266
2329
2267
2330
2268
2331
2269
2332
2270
2333
2271
2334
2272
2335
2273
2336
2274
2337
2275
2338
2276
2339
2277
2340
2278
2341
2279
2342
2280
2343
2281
2344
2282
2345
2283
2346
2284
2347
2285
2348
2286
2349
2287
2350
2288
2351
2289
2352
2290
2353
2291
2354
2292
2355
2293
2356
2294
2357
2295
2358
2296
2359
2297
2360
2298
2361
2299
2362
2300
2363
2301
2364
2302
2365
2303
2366
2367
2305
2368
2306
2369
2307
2370
2308
2371
2309
2372
2310
2373
2311
2374
2312
2375
2313
2376
2314
2377
2315
2378
2316
2379
2317
2380
2318
2381
2319
2382
2320
2383
2321
2384
2322
2385
2323
2386
2324
2387
2325
2388
2326
2389
2327
2390
2328
2391
2329
2392
2330
2393
2331
2394
2332
2395
2333
2396
2334
2397
2335
2398
2336
2399
2337
2400
2338
2401
2339
2402
2340
2403
2341
2404
2342
2405
2343
2406
2344
2407
2345
2408
2346
2409
2347
2410
2348
2411
2349
2412
2350
2413
2351
2414
2352
2415
2353
2416
2354
2417
2355
2418
2356
2419
2357
2420
2358
2421
2359
2422
2360
2423
2361
2424
2362
2425
2363
2426
2364
2427
2365
2428
2366
2429
2367
2430
2431
2369
2432
2370
2433
2371
2434
2372
2435
2373
2436
2374
2437
2375
2438
2376
2439
2377
2440
2378
2441
2379
2442
2380
2443
2381
2444
2382
2445
2383
2446
2384
2447
2385
2448
2386
2449
2387
2450
2388
2451
2389
2452
2390
2453
2391
2454
2392
2455
2393
2456
2394
2457
2395
2458
2396
2459
2397
2460
2398
2461
2399
2462
2400
2463
2401
2464
2402
2465
2403
2466
2404
2467
2405
2468
2406
2469
2407
2470
2408
2471
2409
2472
2410
2473
2411
2474
2412
2475
2413
2476
2414
2477
2415
2478
2416
2479
2417
2480
2418
2481
2419
2482
2420
2483
2421
2484
2422
2485
2423
2486
2424
2487
2425
2488
2426
2489
2427
2490
2428
2491
2429
2492
2430
2493
2431
2494
2495
2433
2496
2434
2497
2435
2498
2436
2499
2437
2500
2438
2501
2439
2502
2440
2503
2441
2504
2442
2505
2443
2506
2444
2507
2445
2508
2446
2509
2447
2510
2448
2511
2449
2512
2450
2513
2451
2514
2452
2515
2453
2516
2454
2517
2455
2518
2456
2519
2457
2520
2458
2521
2459
2522
2460
2523
2461
2524
2462
2525
2463
2526
2464
2527
2465
2528
2466
2529
2467
2530
2468
2531
2469
2532
2470
2533
2471
2534
2472
2535
2473
2536
2474
2537
2475
2538
2476
2539
2477
2540
2478
2541
2479
2542
2480
2543
2481
2544
2482
2545
2483
2546
2484
2547
2485
2548
2486
2549
2487
2550
2488
2551
2489
2552
2490
2553
2491
2554
2492
2555
2493
2556
2494
2557
2495
2558
2559
2497
2560
2498
2561
2499
2562
2500
2563
2501
2564
2502
2565
2503
2566
2504
2567
2505
2568
2506
2569
2507
2570
2508
2571
2509
2572
2510
2573
2511
2574
2512
2575
2513
2576
2514
2577
2515
2578
2516
2579
2517
2580
2518
2581
2519
2582
2520
2583
2521
2584
2522
2585
2523
2586
2524
2587
2525
2588
2526
2589
2527
2590
2528
2591
2529
2592
2530
2593
2531
2594
2532
2595
2533
2596
2534
2597
2535
2598
2536
2599
2537
2600
2538
2601
2539
2602
2540
2603
2541
2604
2542
2605
2543
2606
2544
2607
2545
2608
2546
2609
2547
2610
2548
2611
2549
2612
2550
2613
2551
2614
2552
2615
2553
2616
2554
2617
2555
2618
2556
2619
2557
2620
2558
2621
2559
2622
2623
2561
2624
2562
2625
2563
2626
2564
2627
2565
2628
2566
2629
2567
2630
2568
2631
2569
2632
2570
2633
2571
2634
2572
2635
2573
2636
2574
2637
2575
2638
2576
2639
2577
2640
2578
2641
2579
2642
2580
2643
2581
2644
2582
2645
2583
2646
2584
2647
2585
2648
2586
2649
2587
2650
2588
2651
2589
2652
2590
2653
2591
2654
2592
2655
2593
2656
2594
2657
2595
2658
2596
2659
2597
2660
2598
2661
2599
2662
2600
2663
2601
2664
2602
2665
2603
2666
2604
2667
2605
2668
2606
2669
2607
2670
2608
2671
2609
2672
2610
2673
2611
2674
2612
2675
2613
2676
2614
2677
2615
2678
2616
2679
2617
2680
2618
2681
2619
2682
2620
2683
2621
2684
2622
2685
2623
2686
2687
2625
2688
2626
2689
2627
2690
2628
2691
2629
2692
2630
2693
2631
2694
2632
2695
2633
2696
2634
2697
2635
2698
2636
2699
2637
2700
2638
2701
2639
2702
2640
2703
2641
2704
2642
2705
2643
2706
2644
2707
2645
2708
2646
2709
2647
2710
2648
2711
2649
2712
2650
2713
2651
2714
2652
2715
2653
2716
2654
2717
2655
2718
2656
2719
2657
2720
2658
2721
2659
2722
2660
2723
2661
2724
2662
2725
2663
2726
2664
2727
2665
2728
2666
2729
2667
2730
2668
2731
2669
2732
2670
2733
2671
2734
2672
2735
2673
2736
2674
2737
2675
2738
2676
2739
2677
2740
2678
2741
2679
2742
2680
2743
2681
2744
2682
2745
2683
2746
2684
2747
2685
2748
2686
2749
2687
2750
2751
2689
2752
2690
2753
2691
2754
2692
2755
2693
2756
2694
2757
2695
2758
2696
2759
2697
2760
2698
2761
2699
2762
2700
2763
2701
2764
2702
2765
2703
2766
2704
2767
2705
2768
2706
2769
2707
2770
2708
2771
2709
2772
2710
2773
2711
2774
2712
2775
2713
2776
2714
2777
2715
2778
2716
2779
2717
2780
2718
2781
2719
2782
2720
2783
2721
2784
2722
2785
2723
2786
2724
2787
2725
2788
2726
2789
2727
2790
2728
2791
2729
2792
2730
2793
2731
2794
2732
2795
2733
2796
2734
2797
2735
2798
2736
2799
2737
2800
2738
2801
2739
2802
2740
2803
2741
2804
2742
2805
2743
2806
2744
2807
2745
2808
2746
2809
2747
2810
2748
2811
2749
2812
2750
2813
2751
2814
2815
2753
2816
2754
2817
2755
2818
2756
2819
2757
2820
2758
2821
2759
2822
2760
2823
2761
2824
2762
2825
2763
2826
2764
2827
2765
2828
2766
2829
2767
2830
2768
2831
2769
2832
2770
2833
2771
2834
2772
2835
2773
2836
2774
2837
2775
2838
2776
2839
2777
2840
2778
2841
2779
2842
2780
2843
2781
2844
2782
2845
2783
2846
2784
2847
2785
2848
2786
2849
2787
2850
2788
2851
2789
2852
2790
2853
2791
2854
2792
2855
2793
2856
2794
2857
2795
2858
2796
2859
2797
2860
2798
2861
2799
2862
2800
2863
2801
2864
2802
2865
2803
2866
2804
2867
2805
2868
2806
2869
2807
2870
2808
2871
2809
2872
2810
2873
2811
2874
2812
2875
2813
2876
2814
2877
2815
2878
2879
2817
2880
2818
2881
2819
2882
2820
2883
2821
2884
2822
2885
2823
2886
2824
2887
2825
2888
2826
2889
2827
2890
2828
2891
2829
2892
2830
2893
2831
2894
2832
2895
2833
2896
2834
2897
2835
2898
2836
2899
2837
2900
2838
2901
2839
2902
2840
2903
2841
2904
2842
2905
2843
2906
2844
2907
2845
2908
2846
2909
2847
2910
2848
2911
2849
2912
2850
2913
2851
2914
2852
2915
2853
2916
2854
2917
2855
2918
2856
2919
2857
2920
2858
2921
2859
2922
2860
2923
2861
2924
2862
2925
2863
2926
2864
2927
2865
2928
2866
2929
2867
2930
2868
2931
2869
2932
2870
2933
2871
2934
2872
2935
2873
2936
2874
2937
2875
2938
2876
2939
2877
2940
2878
2941
2879
2942
2943
2881
2944
2882
2945
2883
2946
2884
2947
2885
2948
2886
2949
2887
2950
2888
2951
2889
2952
2890
2953
2891
2954
2892
2955
2893
2956
2894
2957
2895
2958
2896
2959
2897
2960
2898
2961
2899
2962
2900
2963
2901
2964
2902
2965
2903
2966
2904
2967
2905
2968
2906
2969
2907
2970
2908
2971
2909
2972
2910
2973
2911
2974
2912
2975
2913
2976
2914
2977
2915
2978
2916
2979
2917
2980
2918
2981
2919
2982
2920
2983
2921
2984
2922
2985
2923
2986
2924
2987
2925
2988
2926
2989
2927
2990
2928
2991
2929
2992
2930
2993
2931
2994
2932
2995
2933
2996
2934
2997
2935
2998
2936
2999
2937
3000
2938
3001
2939
3002
2940
3003
2941
3004
2942
3005
2943
3006
3007
2945
3008
2946
3009
2947
3010
2948
3011
2949
3012
2950
3013
2951
3014
2952
3015
2953
3016
2954
3017
2955
3018
2956
3019
2957
3020
2958
3021
2959
3022
2960
3023
2961
3024
2962
3025
2963
3026
2964
3027
2965
3028
2966
3029
2967
3030
2968
3031
2969
3032
2970
3033
2971
3034
2972
3035
2973
3036
2974
3037
2975
3038
2976
3039
2977
3040
2978
3041
2979
3042
2980
3043
2981
3044
2982
3045
2983
3046
2984
3047
2985
3048
2986
3049
2987
3050
2988
3051
2989
3052
2990
3053
2991
3054
2992
3055
2993
3056
2994
3057
2995
3058
2996
3059
2997
3060
2998
3061
2999
3062
3000
3063
3001
3064
3002
3065
3003
3066
3004
3067
3005
3068
3006
3069
3007
3070
3071
3009
3072
3010
3073
3011
3074
3012
3075
3013
3076
3014
3077
3015
3078
3016
3079
3017
3080
3018
3081
3019
3082
3020
3083
3021
3084
3022
3085
3023
3086
3024
3087
3025
3088
3026
3089
3027
3090
3028
3091
3029
3092
3030
3093
3031
3094
3032
3095
3033
3096
3034
3097
3035
3098
3036
3099
3037
3100
3038
3101
3039
3102
3040
3103
3041
3104
3042
3105
3043
3106
3044
3107
3045
3108
3046
3109
3047
3110
3048
3111
3049
3112
3050
3113
3051
3114
3052
3115
3053
3116
3054
3117
3055
3118
3056
3119
3057
3120
3058
3121
3059
3122
3060
3123
3061
3124
3062
3125
3063
3126
3064
3127
3065
3128
3066
3129
3067
3130
3068
3131
3069
3132
3070
3133
3071
3134
3135
3073
3136
3074
3137
3075
3138
3076
3139
3077
3140
3078
3141
3079
3142
3080
3143
3081
3144
3082
3145
3083
3146
3084
3147
3085
3148
3086
3149
3087
3150
3088
3151
3089
3152
3090
3153
3091
3154
3092
3155
3093
3156
3094
3157
3095
3158
3096
3159
3097
3160
3098
3161
3099
3162
3100
3163
3101
3164
3102
3165
3103
3166
3104
3167
3105
3168
3106
3169
3107
3170
3108
3171
3109
3172
3110
3173
3111
3174
3112
3175
3113
3176
3114
3177
3115
3178
3116
3179
3117
3180
3118
3181
3119
3182
3120
3183
3121
3184
3122
3185
3123
3186
3124
3187
3125
3188
3126
3189
3127
3190
3128
3191
3129
3192
3130
3193
3131
3194
3132
3195
3133
3196
3134
3197
3135
3198
3199
3137
3200
3138
3201
3139
3202
3140
3203
3141
3204
3142
3205
3143
3206
3144
3207
3145
3208
3146
3209
3147
3210
3148
3211
3149
3212
3150
3213
3151
3214
3152
3215
3153
3216
3154
3217
3155
3218
3156
3219
3157
3220
3158
3221
3159
3222
3160
3223
3161
3224
3162
3225
3163
3226
3164
3227
3165
3228
3166
3229
3167
3230
3168
3231
3169
3232
3170
3233
3171
3234
3172
3235
3173
3236
3174
3237
3175
3238
3176
3239
3177
3240
3178
3241
3179
3242
3180
3243
3181
3244
3182
3245
3183
3246
3184
3247
3185
3248
3186
3249
3187
3250
3188
3251
3189
3252
3190
3253
3191
3254
3192
3255
3193
3256
3194
3257
3195
3258
3196
3259
3197
3260
3198
3261
3199
3262
3263
3201
3264
3202
3265
3203
3266
3204
3267
3205
3268
3206
3269
3207
3270
3208
3271
3209
3272
3210
3273
3211
3274
3212
3275
3213
3276
3214
3277
3215
3278
3216
3279
3217
3280
3218
3281
3219
3282
3220
3283
3221
3284
3222
3285
3223
3286
3224
3287
3225
3288
3226
3289
3227
3290
3228
3291
3229
3292
3230
3293
3231
3294
3232
3295
3233
3296
3234
3297
3235
3298
3236
3299
3237
3300
3238
3301
3239
3302
3240
3303
3241
3304
3242
3305
3243
3306
3244
3307
3245
3308
3246
3309
3247
3310
3248
3311
3249
3312
3250
3313
3251
3314
3252
3315
3253
3316
3254
3317
3255
3318
3256
3319
3257
3320
3258
3321
3259
3322
3260
3323
3261
3324
3262
3325
3263
3326
3327
3265
3328
3266
3329
3267
3330
3268
3331
3269
3332
3270
3333
3271
3334
3272
3335
3273
3336
3274
3337
3275
3338
3276
3339
3277
3340
3278
3341
3279
3342
3280
3343
3281
3344
3282
3345
3283
3346
3284
3347
3285
3348
3286
3349
3287
3350
3288
3351
3289
3352
3290
3353
3291
3354
3292
3355
3293
3356
3294
3357
3295
3358
3296
3359
3297
3360
3298
3361
3299
3362
3300
3363
3301
3364
3302
3365
3303
3366
3304
3367
3305
3368
3306
3369
3307
3370
3308
3371
3309
3372
3310
3373
3311
3374
3312
3375
3313
3376
3314
3377
3315
3378
3316
3379
3317
3380
3318
3381
3319
3382
3320
3383
3321
3384
3322
3385
3323
3386
3324
3387
3325
3388
3326
3389
3327
3390
3391
3329
3392
3330
3393
3331
3394
3332
3395
3333
3396
3334
3397
3335
3398
3336
3399
3337
3400
3338
3401
3339
3402
3340
3403
3341
3404
3342
3405
3343
3406
3344
3407
3345
3408
3346
3409
3347
3410
3348
3411
3349
3412
3350
3413
3351
3414
3352
3415
3353
3416
3354
3417
3355
3418
3356
3419
3357
3420
3358
3421
3359
3422
3360
3423
3361
3424
3362
3425
3363
3426
3364
3427
3365
3428
3366
3429
3367
3430
3368
3431
3369
3432
3370
3433
3371
3434
3372
3435
3373
3436
3374
3437
3375
3438
3376
3439
3377
3440
3378
3441
3379
3442
3380
3443
3381
3444
3382
3445
3383
3446
3384
3447
3385
3448
3386
3449
3387
3450
3388
3451
3389
3452
3390
3453
3391
3454
3455
3393
3456
3394
3457
3395
3458
3396
3459
3397
3460
3398
3461
3399
3462
3400
3463
3401
3464
3402
3465
3403
3466
3404
3467
3405
3468
3406
3469
3407
3470
3408
3471
3409
3472
3410
3473
3411
3474
3412
3475
3413
3476
3414
3477
3415
3478
3416
3479
3417
3480
3418
3481
3419
3482
3420
3483
3421
3484
3422
3485
3423
3486
3424
3487
3425
3488
3426
3489
3427
3490
3428
3491
3429
3492
3430
3493
3431
3494
3432
3495
3433
3496
3434
3497
3435
3498
3436
3499
3437
3500
3438
3501
3439
3502
3440
3503
3441
3504
3442
3505
3443
3506
3444
3507
3445
3508
3446
3509
3447
3510
3448
3511
3449
3512
3450
3513
3451
3514
3452
3515
3453
3516
3454
3517
3455
3518
3519
3457
3520
3458
3521
3459
3522
3460
3523
3461
3524
3462
3525
3463
3526
3464
3527
3465
3528
3466
3529
3467
3530
3468
3531
3469
3532
3470
3533
3471
3534
3472
3535
3473
3536
3474
3537
3475
3538
3476
3539
3477
3540
3478
3541
3479
3542
3480
3543
3481
3544
3482
3545
3483
3546
3484
3547
3485
3548
3486
3549
3487
3550
3488
3551
3489
3552
3490
3553
3491
3554
3492
3555
3493
3556
3494
3557
3495
3558
3496
3559
3497
3560
3498
3561
3499
3562
3500
3563
3501
3564
3502
3565
3503
3566
3504
3567
3505
3568
3506
3569
3507
3570
3508
3571
3509
3572
3510
3573
3511
3574
3512
3575
3513
3576
3514
3577
3515
3578
3516
3579
3517
3580
3518
3581
3519
3582
3583
3521
3584
3522
3585
3523
3586
3524
3587
3525
3588
3526
3589
3527
3590
3528
3591
3529
3592
3530
3593
3531
3594
3532
3595
3533
3596
3534
3597
3535
3598
3536
3599
3537
3600
3538
3601
3539
3602
3540
3603
3541
3604
3542
3605
3543
3606
3544
3607
3545
3608
3546
3609
3547
3610
3548
3611
3549
3612
3550
3613
3551
3614
3552
3615
3553
3616
3554
3617
3555
3618
3556
3619
3557
3620
3558
3621
3559
3622
3560
3623
3561
3624
3562
3625
3563
3626
3564
3627
3565
3628
3566
3629
3567
3630
3568
3631
3569
3632
3570
3633
3571
3634
3572
3635
3573
3636
3574
3637
3575
3638
3576
3639
3577
3640
3578
3641
3579
3642
3580
3643
3581
3644
3582
3645
3583
3646
3647
3585
3648
3586
3649
3587
3650
3588
3651
3589
3652
3590
3653
3591
3654
3592
3655
3593
3656
3594
3657
3595
3658
3596
3659
3597
3660
3598
3661
3599
3662
3600
3663
3601
3664
3602
3665
3603
3666
3604
3667
3605
3668
3606
3669
3607
3670
3608
3671
3609
3672
3610
3673
3611
3674
3612
3675
3613
3676
3614
3677
3615
3678
3616
3679
3617
3680
3618
3681
3619
3682
3620
3683
3621
3684
3622
3685
3623
3686
3624
3687
3625
3688
3626
3689
3627
3690
3628
3691
3629
3692
3630
3693
3631
3694
3632
3695
3633
3696
3634
3697
3635
3698
3636
3699
3637
3700
3638
3701
3639
3702
3640
3703
3641
3704
3642
3705
3643
3706
3644
3707
3645
3708
3646
3709
3647
3710
3711
3649
3712
3650
3713
3651
3714
3652
3715
3653
3716
3654
3717
3655
3718
3656
3719
3657
3720
3658
3721
3659
3722
3660
3723
3661
3724
3662
3725
3663
3726
3664
3727
3665
3728
3666
3729
3667
3730
3668
3731
3669
3732
3670
3733
3671
3734
3672
3735
3673
3736
3674
3737
3675
3738
3676
3739
3677
3740
3678
3741
3679
3742
3680
3743
3681
3744
3682
3745
3683
3746
3684
3747
3685
3748
3686
3749
3687
3750
3688
3751
3689
3752
3690
3753
3691
3754
3692
3755
3693
3756
3694
3757
3695
3758
3696
3759
3697
3760
3698
3761
3699
3762
3700
3763
3701
3764
3702
3765
3703
3766
3704
3767
3705
3768
3706
3769
3707
3770
3708
3771
3709
3772
3710
3773
3711
3774
3775
3713
3776
3714
3777
3715
3778
3716
3779
3717
3780
3718
3781
3719
3782
3720
3783
3721
3784
3722
3785
3723
3786
3724
3787
3725
3788
3726
3789
3727
3790
3728
3791
3729
3792
3730
3793
3731
3794
3732
3795
3733
3796
3734
3797
3735
3798
3736
3799
3737
3800
3738
3801
3739
3802
3740
3803
3741
3804
3742
3805
3743
3806
3744
3807
3745
3808
3746
3809
3747
3810
3748
3811
3749
3812
3750
3813
3751
3814
3752
3815
3753
3816
3754
3817
3755
3818
3756
3819
3757
3820
3758
3821
3759
3822
3760
3823
3761
3824
3762
3825
3763
3826
3764
3827
3765
3828
3766
3829
3767
3830
3768
3831
3769
3832
3770
3833
3771
3834
3772
3835
3773
3836
3774
3837
3775
3838
3839
3777
3840
3778
3841
3779
3842
3780
3843
3781
3844
3782
3845
3783
3846
3784
3847
3785
3848
3786
3849
3787
3850
3788
3851
3789
3852
3790
3853
3791
3854
3792
3855
3793
3856
3794
3857
3795
3858
3796
3859
3797
3860
3798
3861
3799
3862
3800
3863
3801
3864
3802
3865
3803
3866
3804
3867
3805
3868
3806
3869
3807
3870
3808
3871
3809
3872
3810
3873
3811
3874
3812
3875
3813
3876
3814
3877
3815
3878
3816
3879
3817
3880
3818
3881
3819
3882
3820
3883
3821
3884
3822
3885
3823
3886
3824
3887
3825
3888
3826
3889
3827
3890
3828
3891
3829
3892
3830
3893
3831
3894
3832
3895
3833
3896
3834
3897
3835
3898
3836
3899
3837
3900
3838
3901
3839
3902
3903
3841
3904
3842
3905
3843
3906
3844
3907
3845
3908
3846
3909
3847
3910
3848
3911
3849
3912
3850
3913
3851
3914
3852
3915
3853
3916
3854
3917
3855
3918
3856
3919
3857
3920
3858
3921
3859
3922
3860
3923
3861
3924
3862
3925
3863
3926
3864
3927
3865
3928
3866
3929
3867
3930
3868
3931
3869
3932
3870
3933
3871
3934
3872
3935
3873
3936
3874
3937
3875
3938
3876
3939
3877
3940
3878
3941
3879
3942
3880
3943
3881
3944
3882
3945
3883
3946
3884
3947
3885
3948
3886
3949
3887
3950
3888
3951
3889
3952
3890
3953
3891
3954
3892
3955
3893
3956
3894
3957
3895
3958
3896
3959
3897
3960
3898
3961
3899
3962
3900
3963
3901
3964
3902
3965
3903
3966
3967
3905
3968
3906
3969
3907
3970
3908
3971
3909
3972
3910
3973
3911
3974
3912
3975
3913
3976
3914
3977
3915
3978
3916
3979
3917
3980
3918
3981
3919
3982
3920
3983
3921
3984
3922
3985
3923
3986
3924
3987
3925
3988
3926
3989
3927
3990
3928
3991
3929
3992
3930
3993
3931
3994
3932
3995
3933
3996
3934
3997
3935
3998
3936
3999
3937
4000
3938
4001
3939
4002
3940
4003
3941
4004
3942
4005
3943
4006
3944
4007
3945
4008
3946
4009
3947
4010
3948
4011
3949
4012
3950
4013
3951
4014
3952
4015
3953
4016
3954
4017
3955
4018
3956
4019
3957
4020
3958
4021
3959
4022
3960
4023
3961
4024
3962
4025
3963
4026
3964
4027
3965
4028
3966
4029
3967
4030
4031
3969
4032
3970
4033
3971
4034
3972
4035
3973
4036
3974
4037
3975
4038
3976
4039
3977
4040
3978
4041
3979
4042
3980
4043
3981
4044
3982
4045
3983
4046
3984
4047
3985
4048
3986
4049
3987
4050
3988
4051
3989
4052
3990
4053
3991
4054
3992
4055
3993
4056
3994
4057
3995
4058
3996
4059
3997
4060
3998
4061
3999
4062
4000
4063
4001
4064
4002
4065
4003
4066
4004
4067
4005
4068
4006
4069
4007
4070
4008
4071
4009
4072
4010
4073
4011
4074
4012
4075
4013
4076
4014
4077
4015
4078
4016
4079
4017
4080
4018
4081
4019
4082
4020
4083
4021
4084
4022
4085
4023
4086
4024
4087
4025
4088
4026
4089
4027
4090
4028
4091
4029
4092
4030
4093
4031
4094
4095
4033
4096
4034
4097
4035
4098
4036
4099
4037
4100
4038
4101
4039
4102
4040
4103
4041
4104
4042
4105
4043
4106
4044
4107
4045
4108
4046
4109
4047
4110
4048
4111
4049
4112
4050
4113
4051
4114
4052
4115
4053
4116
4054
4117
4055
4118
4056
4119
4057
4120
4058
4121
4059
4122
4060
4123
4061
4124
4062
4125
4063
4126
4064
4127
4065
4128
4066
4129
4067
4130
4068
4131
4069
4132
4070
4133
4071
4134
4072
4135
4073
4136
4074
4137
4075
4138
4076
4139
4077
4140
4078
4141
4079
4142
4080
4143
4081
4144
4082
4145
4083
4146
4084
4147
4085
4148
4086
4149
4087
4150
4088
4151
4089
4152
4090
4153
4091
4154
4092
4155
4093
4156
4094
4157
4095
4158
4159
4097
4160
4098
4161
4099
4162
4100
4163
4101
4164
4102
4165
4103
4166
4104
4167
4105
4168
4106
4169
4107
4170
4108
4171
4109
4172
4110
4173
4111
4174
4112
4175
4113
4176
4114
4177
4115
4178
4116
4179
4117
4180
4118
4181
4119
4182
4120
4183
4121
4184
4122
4185
4123
4186
4124
4187
4125
4188
4126
4189
4127
4190
4128
4191
4129
4192
4130
4193
4131
4194
4132
4195
4133
4196
4134
4197
4135
4198
4136
4199
4137
4200
4138
4201
4139
4202
4140
4203
4141
4204
4142
4205
4143
4206
4144
4207
4145
4208
4146
4209
4147
4210
4148
4211
4149
4212
4150
4213
4151
4214
4152
4215
4153
4216
4154
4217
4155
4218
4156
4219
4157
4220
4158
4221
4159
4222
4223
4161
4224
4162
4225
4163
4226
4164
4227
4165
4228
4166
4229
4167
4230
4168
4231
4169
4232
4170
4233
4171
4234
4172
4235
4173
4236
4174
4237
4175
4238
4176
4239
4177
4240
4178
4241
4179
4242
4180
4243
4181
4244
4182
4245
4183
4246
4184
4247
4185
4248
4186
4249
4187
4250
4188
4251
4189
4252
4190
4253
4191
4254
4192
4255
4193
4256
4194
4257
4195
4258
4196
4259
4197
4260
4198
4261
4199
4262
4200
4263
4201
4264
4202
4265
4203
4266
4204
4267
4205
4268
4206
4269
4207
4270
4208
4271
4209
4272
4210
4273
4211
4274
4212
4275
4213
4276
4214
4277
4215
4278
4216
4279
4217
4280
4218
4281
4219
4282
4220
4283
4221
4284
4222
4285
4223
4286
4287
4225
4288
4226
4289
4227
4290
4228
4291
4229
4292
4230
4293
4231
4294
4232
4295
4233
4296
4234
4297
4235
4298
4236
4299
4237
4300
4238
4301
4239
4302
4240
4303
4241
4304
4242
4305
4243
4306
4244
4307
4245
4308
4246
4309
4247
4310
4248
4311
4249
4312
4250
4313
4251
4314
4252
4315
4253
4316
4254
4317
4255
4318
4256
4319
4257
4320
4258
4321
4259
4322
4260
4323
4261
4324
4262
4325
4263
4326
4264
4327
4265
4328
4266
4329
4267
4330
4268
4331
4269
4332
4270
4333
4271
4334
4272
4335
4273
4336
4274
4337
4275
4338
4276
4339
4277
4340
4278
4341
4279
4342
4280
4343
4281
4344
4282
4345
4283
4346
4284
4347
4285
4348
4286
4349
4287
4350
4351
4289
4352
4290
4353
4291
4354
4292
4355
4293
4356
4294
4357
4295
4358
4296
4359
4297
4360
4298
4361
4299
4362
4300
4363
4301
4364
4302
4365
4303
4366
4304
4367
4305
4368
4306
4369
4307
4370
4308
4371
4309
4372
4310
4373
4311
4374
4312
4375
4313
4376
4314
4377
4315
4378
4316
4379
4317
4380
4318
4381
4319
4382
4320
4383
4321
4384
4322
4385
4323
4386
4324
4387
4325
4388
4326
4389
4327
4390
4328
4391
4329
4392
4330
4393
4331
4394
4332
4395
4333
4396
4334
4397
4335
4398
4336
4399
4337
4400
4338
4401
4339
4402
4340
4403
4341
4404
4342
4405
4343
4406
4344
4407
4345
4408
4346
4409
4347
4410
4348
4411
4349
4412
4350
4413
4351
4414
4415
4353
4416
4354
4417
4355
4418
4356
4419
4357
4420
4358
4421
4359
4422
4360
4423
4361
4424
4362
4425
4363
4426
4364
4427
4365
4428
4366
4429
4367
4430
4368
4431
4369
4432
4370
4433
4371
4434
4372
4435
4373
4436
4374
4437
4375
4438
4376
4439
4377
4440
4378
4441
4379
4442
4380
4443
4381
4444
4382
4445
4383
4446
4384
4447
4385
4448
4386
4449
4387
4450
4388
4451
4389
4452
4390
4453
4391
4454
4392
4455
4393
4456
4394
4457
4395
4458
4396
4459
4397
4460
4398
4461
4399
4462
4400
4463
4401
4464
4402
4465
4403
4466
4404
4467
4405
4468
4406
4469
4407
4470
4408
4471
4409
4472
4410
4473
4411
4474
4412
4475
4413
4476
4414
4477
4415
4478
4479
4417
4480
4418
4481
4419
4482
4420
4483
4421
4484
4422
4485
4423
4486
4424
4487
4425
4488
4426
4489
4427
4490
4428
4491
4429
4492
4430
4493
4431
4494
4432
4495
4433
4496
4434
4497
4435
4498
4436
4499
4437
4500
4438
4501
4439
4502
4440
4503
4441
4504
4442
4505
4443
4506
4444
4507
4445
4508
4446
4509
4447
4510
4448
4511
4449
4512
4450
4513
4451
4514
4452
4515
4453
4516
4454
4517
4455
4518
4456
4519
4457
4520
4458
4521
4459
4522
4460
4523
4461
4524
4462
4525
4463
4526
4464
4527
4465
4528
4466
4529
4467
4530
4468
4531
4469
4532
4470
4533
4471
4534
4472
4535
4473
4536
4474
4537
4475
4538
4476
4539
4477
4540
4478
4541
4479
4542
4543
4481
4544
4482
4545
4483
4546
4484
4547
4485
4548
4486
4549
4487
4550
4488
4551
4489
4552
4490
4553
4491
4554
4492
4555
4493
4556
4494
4557
4495
4558
4496
4559
4497
4560
4498
4561
4499
4562
4500
4563
4501
4564
4502
4565
4503
4566
4504
4567
4505
4568
4506
4569
4507
4570
4508
4571
4509
4572
4510
4573
4511
4574
4512
4575
4513
4576
4514
4577
4515
4578
4516
4579
4517
4580
4518
4581
4519
4582
4520
4583
4521
4584
4522
4585
4523
4586
4524
4587
4525
4588
4526
4589
4527
4590
4528
4591
4529
4592
4530
4593
4531
4594
4532
4595
4533
4596
4534
4597
4535
4598
4536
4599
4537
4600
4538
4601
4539
4602
4540
4603
4541
4604
4542
4605
4543
4606
4607
4545
4608
4546
4609
4547
4610
4548
4611
4549
4612
4550
4613
4551
4614
4552
4615
4553
4616
4554
4617
4555
4618
4556
4619
4557
4620
4558
4621
4559
4622
4560
4623
4561
4624
4562
4625
4563
4626
4564
4627
4565
4628
4566
4629
4567
4630
4568
4631
4569
4632
4570
4633
4571
4634
4572
4635
4573
4636
4574
4637
4575
4638
4576
4639
4577
4640
4578
4641
4579
4642
4580
4643
4581
4644
4582
4645
4583
4646
4584
4647
4585
4648
4586
4649
4587
4650
4588
4651
4589
4652
4590
4653
4591
4654
4592
4655
4593
4656
4594
4657
4595
4658
4596
4659
4597
4660
4598
4661
4599
4662
4600
4663
4601
4664
4602
4665
4603
4666
4604
4667
4605
4668
4606
4669
4607
4670
4671
4609
4672
4610
4673
4611
4674
4612
4675
4613
4676
4614
4677
4615
4678
4616
4679
4617
4680
4618
4681
4619
4682
4620
4683
4621
4684
4622
4685
4623
4686
4624
4687
4625
4688
4626
4689
4627
4690
4628
4691
4629
4692
4630
4693
4631
4694
4632
4695
4633
4696
4634
4697
4635
4698
4636
4699
4637
4700
4638
4701
4639
4702
4640
4703
4641
4704
4642
4705
4643
4706
4644
4707
4645
4708
4646
4709
4647
4710
4648
4711
4649
4712
4650
4713
4651
4714
4652
4715
4653
4716
4654
4717
4655
4718
4656
4719
4657
4720
4658
4721
4659
4722
4660
4723
4661
4724
4662
4725
4663
4726
4664
4727
4665
4728
4666
4729
4667
4730
4668
4731
4669
4732
4670
4733
4671
4734
4735
4673
4736
4674
4737
4675
4738
4676
4739
4677
4740
4678
4741
4679
4742
4680
4743
4681
4744
4682
4745
4683
4746
4684
4747
4685
4748
4686
4749
4687
4750
4688
4751
4689
4752
4690
4753
4691
4754
4692
4755
4693
4756
4694
4757
4695
4758
4696
4759
4697
4760
4698
4761
4699
4762
4700
4763
4701
4764
4702
4765
4703
4766
4704
4767
4705
4768
4706
4769
4707
4770
4708
4771
4709
4772
4710
4773
4711
4774
4712
4775
4713
4776
4714
4777
4715
4778
4716
4779
4717
4780
4718
4781
4719
4782
4720
4783
4721
4784
4722
4785
4723
4786
4724
4787
4725
4788
4726
4789
4727
4790
4728
4791
4729
4792
4730
4793
4731
4794
4732
4795
4733
4796
4734
4797
4735
4798
4799
4737
4800
4738
4801
4739
4802
4740
4803
4741
4804
4742
4805
4743
4806
4744
4807
4745
4808
4746
4809
4747
4810
4748
4811
4749
4812
4750
4813
4751
4814
4752
4815
4753
4816
4754
4817
4755
4818
4756
4819
4757
4820
4758
4821
4759
4822
4760
4823
4761
4824
4762
4825
4763
4826
4764
4827
4765
4828
4766
4829
4767
4830
4768
4831
4769
4832
4770
4833
4771
4834
4772
4835
4773
4836
4774
4837
4775
4838
4776
4839
4777
4840
4778
4841
4779
4842
4780
4843
4781
4844
4782
4845
4783
4846
4784
4847
4785
4848
4786
4849
4787
4850
4788
4851
4789
4852
4790
4853
4791
4854
4792
4855
4793
4856
4794
4857
4795
4858
4796
4859
4797
4860
4798
4861
4799
4862
4863
4801
4864
4802
4865
4803
4866
4804
4867
4805
4868
4806
4869
4807
4870
4808
4871
4809
4872
4810
4873
4811
4874
4812
4875
4813
4876
4814
4877
4815
4878
4816
4879
4817
4880
4818
4881
4819
4882
4820
4883
4821
4884
4822
4885
4823
4886
4824
4887
4825
4888
4826
4889
4827
4890
4828
4891
4829
4892
4830
4893
4831
4894
4832
4895
4833
4896
4834
4897
4835
4898
4836
4899
4837
4900
4838
4901
4839
4902
4840
4903
4841
4904
4842
4905
4843
4906
4844
4907
4845
4908
4846
4909
4847
4910
4848
4911
4849
4912
4850
4913
4851
4914
4852
4915
4853
4916
4854
4917
4855
4918
4856
4919
4857
4920
4858
4921
4859
4922
4860
4923
4861
4924
4862
4925
4863
4926
4927
4865
4928
4866
4929
4867
4930
4868
4931
4869
4932
4870
4933
4871
4934
4872
4935
4873
4936
4874
4937
4875
4938
4876
4939
4877
4940
4878
4941
4879
4942
4880
4943
4881
4944
4882
4945
4883
4946
4884
4947
4885
4948
4886
4949
4887
4950
4888
4951
4889
4952
4890
4953
4891
4954
4892
4955
4893
4956
4894
4957
4895
4958
4896
4959
4897
4960
4898
4961
4899
4962
4900
4963
4901
4964
4902
4965
4903
4966
4904
4967
4905
4968
4906
4969
4907
4970
4908
4971
4909
4972
4910
4973
4911
4974
4912
4975
4913
4976
4914
4977
4915
4978
4916
4979
4917
4980
4918
4981
4919
4982
4920
4983
4921
4984
4922
4985
4923
4986
4924
4987
4925
4988
4926
4989
4927
4990
4991
4929
4992
4930
4993
4931
4994
4932
4995
4933
4996
4934
4997
4935
4998
4936
4999
4937
5000
4938
5001
4939
5002
4940
5003
4941
5004
4942
5005
4943
5006
4944
5007
4945
5008
4946
5009
4947
5010
4948
5011
4949
5012
4950
5013
4951
5014
4952
5015
4953
5016
4954
5017
4955
5018
4956
5019
4957
5020
4958
5021
4959
5022
4960
5023
4961
5024
4962
5025
4963
5026
4964
5027
4965
5028
4966
5029
4967
5030
4968
5031
4969
5032
4970
5033
4971
5034
4972
5035
4973
5036
4974
5037
4975
5038
4976
5039
4977
5040
4978
5041
4979
5042
4980
5043
4981
5044
4982
5045
4983
5046
4984
5047
4985
5048
4986
5049
4987
5050
4988
5051
4989
5052
4990
5053
4991
5054
5055
4993
5056
4994
5057
4995
5058
4996
5059
4997
5060
4998
5061
4999
5062
5000
5063
5001
5064
5002
5065
5003
5066
5004
5067
5005
5068
5006
5069
5007
5070
5008
5071
5009
5072
5010
5073
5011
5074
5012
5075
5013
5076
5014
5077
5015
5078
5016
5079
5017
5080
5018
5081
5019
5082
5020
5083
5021
5084
5022
5085
5023
5086
5024
5087
5025
5088
5026
5089
5027
5090
5028
5091
5029
5092
5030
5093
5031
5094
5032
5095
5033
5096
5034
5097
5035
5098
5036
5099
5037
5100
5038
5101
5039
5102
5040
5103
5041
5104
5042
5105
5043
5106
5044
5107
5045
5108
5046
5109
5047
5110
5048
5111
5049
5112
5050
5113
5051
5114
5052
5115
5053
5116
5054
5117
5055
5118
5119
5057
5120
5058
5121
5059
5122
5060
5123
5061
5124
5062
5125
5063
5126
5064
5127
5065
5128
5066
5129
5067
5130
5068
5131
5069
5132
5070
5133
5071
5134
5072
5135
5073
5136
5074
5137
5075
5138
5076
5139
5077
5140
5078
5141
5079
5142
5080
5143
5081
5144
5082
5145
5083
5146
5084
5147
5085
5148
5086
5149
5087
5150
5088
5151
5089
5152
5090
5153
5091
5154
5092
5155
5093
5156
5094
5157
5095
5158
5096
5159
5097
5160
5098
5161
5099
5162
5100
5163
5101
5164
5102
5165
5103
5166
5104
5167
5105
5168
5106
5169
5107
5170
5108
5171
5109
5172
5110
5173
5111
5174
5112
5175
5113
5176
5114
5177
5115
5178
5116
5179
5117
5180
5118
5181
5119
5182
5183
5121
5184
5122
5185
5123
5186
5124
5187
5125
5188
5126
5189
5127
5190
5128
5191
5129
5192
5130
5193
5131
5194
5132
5195
5133
5196
5134
5197
5135
5198
5136
5199
5137
5200
5138
5201
5139
5202
5140
5203
5141
5204
5142
5205
5143
5206
5144
5207
5145
5208
5146
5209
5147
5210
5148
5211
5149
5212
5150
5213
5151
5214
5152
5215
5153
5216
5154
5217
5155
5218
5156
5219
5157
5220
5158
5221
5159
5222
5160
5223
5161
5224
5162
5225
5163
5226
5164
5227
5165
5228
5166
5229
5167
5230
5168
5231
5169
5232
5170
5233
5171
5234
5172
5235
5173
5236
5174
5237
5175
5238
5176
5239
5177
5240
5178
5241
5179
5242
5180
5243
5181
5244
5182
5245
5183
5246
5247
5185
5248
5186
5249
5187
5250
5188
5251
5189
5252
5190
5253
5191
5254
5192
5255
5193
5256
5194
5257
5195
5258
5196
5259
5197
5260
5198
5261
5199
5262
5200
5263
5201
5264
5202
5265
5203
5266
5204
5267
5205
5268
5206
5269
5207
5270
5208
5271
5209
5272
5210
5273
5211
5274
5212
5275
5213
5276
5214
5277
5215
5278
5216
5279
5217
5280
5218
5281
5219
5282
5220
5283
5221
5284
5222
5285
5223
5286
5224
5287
5225
5288
5226
5289
5227
5290
5228
5291
5229
5292
5230
5293
5231
5294
5232
5295
5233
5296
5234
5297
5235
5298
5236
5299
5237
5300
5238
5301
5239
5302
5240
5303
5241
5304
5242
5305
5243
5306
5244
5307
5245
5308
5246
5309
5247
5310
5311
5249
5312
5250
5313
5251
5314
5252
5315
5253
5316
5254
5317
5255
5318
5256
5319
5257
5320
5258
5321
5259
5322
5260
5323
5261
5324
5262
5325
5263
5326
5264
5327
5265
5328
5266
5329
5267
5330
5268
5331
5269
5332
5270
5333
5271
5334
5272
5335
5273
5336
5274
5337
5275
5338
5276
5339
5277
5340
5278
5341
5279
5342
5280
5343
5281
5344
5282
5345
5283
5346
5284
5347
5285
5348
5286
5349
5287
5350
5288
5351
5289
5352
5290
5353
5291
5354
5292
5355
5293
5356
5294
5357
5295
5358
5296
5359
5297
5360
5298
5361
5299
5362
5300
5363
5301
5364
5302
5365
5303
5366
5304
5367
5305
5368
5306
5369
5307
5370
5308
5371
5309
5372
5310
5373
5311
5374
5375
5313
5376
5314
5377
5315
5378
5316
5379
5317
5380
5318
5381
5319
5382
5320
5383
5321
5384
5322
5385
5323
5386
5324
5387
5325
5388
5326
5389
5327
5390
5328
5391
5329
5392
5330
5393
5331
5394
5332
5395
5333
5396
5334
5397
5335
5398
5336
5399
5337
5400
5338
5401
5339
5402
5340
5403
5341
5404
5342
5405
5343
5406
5344
5407
5345
5408
5346
5409
5347
5410
5348
5411
5349
5412
5350
5413
5351
5414
5352
5415
5353
5416
5354
5417
5355
5418
5356
5419
5357
5420
5358
5421
5359
5422
5360
5423
5361
5424
5362
5425
5363
5426
5364
5427
5365
5428
5366
5429
5367
5430
5368
5431
5369
5432
5370
5433
5371
5434
5372
5435
5373
5436
5374
5437
5375
5438
5439
5377
5440
5378
5441
5379
5442
5380
5443
5381
5444
5382
5445
5383
5446
5384
5447
5385
5448
5386
5449
5387
5450
5388
5451
5389
5452
5390
5453
5391
5454
5392
5455
5393
5456
5394
5457
5395
5458
5396
5459
5397
5460
5398
5461
5399
5462
5400
5463
5401
5464
5402
5465
5403
5466
5404
5467
5405
5468
5406
5469
5407
5470
5408
5471
5409
5472
5410
5473
5411
5474
5412
5475
5413
5476
5414
5477
5415
5478
5416
5479
5417
5480
5418
5481
5419
5482
5420
5483
5421
5484
5422
5485
5423
5486
5424
5487
5425
5488
5426
5489
5427
5490
5428
5491
5429
5492
5430
5493
5431
5494
5432
5495
5433
5496
5434
5497
5435
5498
5436
5499
5437
5500
5438
5501
5439
5502
5503
5441
5504
5442
5505
5443
5506
5444
5507
5445
5508
5446
5509
5447
5510
5448
5511
5449
5512
5450
5513
5451
5514
5452
5515
5453
5516
5454
5517
5455
5518
5456
5519
5457
5520
5458
5521
5459
5522
5460
5523
5461
5524
5462
5525
5463
5526
5464
5527
5465
5528
5466
5529
5467
5530
5468
5531
5469
5532
5470
5533
5471
5534
5472
5535
5473
5536
5474
5537
5475
5538
5476
5539
5477
5540
5478
5541
5479
5542
5480
5543
5481
5544
5482
5545
5483
5546
5484
5547
5485
5548
5486
5549
5487
5550
5488
5551
5489
5552
5490
5553
5491
5554
5492
5555
5493
5556
5494
5557
5495
5558
5496
5559
5497
5560
5498
5561
5499
5562
5500
5563
5501
5564
5502
5565
5503
5566
5567
5505
5568
5506
5569
5507
5570
5508
5571
5509
5572
5510
5573
5511
5574
5512
5575
5513
5576
5514
5577
5515
5578
5516
5579
5517
5580
5518
5581
5519
5582
5520
5583
5521
5584
5522
5585
5523
5586
5524
5587
5525
5588
5526
5589
5527
5590
5528
5591
5529
5592
5530
5593
5531
5594
5532
5595
5533
5596
5534
5597
5535
5598
5536
5599
5537
5600
5538
5601
5539
5602
5540
5603
5541
5604
5542
5605
5543
5606
5544
5607
5545
5608
5546
5609
5547
5610
5548
5611
5549
5612
5550
5613
5551
5614
5552
5615
5553
5616
5554
5617
5555
5618
5556
5619
5557
5620
5558
5621
5559
5622
5560
5623
5561
5624
5562
5625
5563
5626
5564
5627
5565
5628
5566
5629
5567
5630
5631
5569
5632
5570
5633
5571
5634
5572
5635
5573
5636
5574
5637
5575
5638
5576
5639
5577
5640
5578
5641
5579
5642
5580
5643
5581
5644
5582
5645
5583
5646
5584
5647
5585
5648
5586
5649
5587
5650
5588
5651
5589
5652
5590
5653
5591
5654
5592
5655
5593
5656
5594
5657
5595
5658
5596
5659
5597
5660
5598
5661
5599
5662
5600
5663
5601
5664
5602
5665
5603
5666
5604
5667
5605
5668
5606
5669
5607
5670
5608
5671
5609
5672
5610
5673
5611
5674
5612
5675
5613
5676
5614
5677
5615
5678
5616
5679
5617
5680
5618
5681
5619
5682
5620
5683
5621
5684
5622
5685
5623
5686
5624
5687
5625
5688
5626
5689
5627
5690
5628
5691
5629
5692
5630
5693
5631
5694
5695
5633
5696
5634
5697
5635
5698
5636
5699
5637
5700
5638
5701
5639
5702
5640
5703
5641
5704
5642
5705
5643
5706
5644
5707
5645
5708
5646
5709
5647
5710
5648
5711
5649
5712
5650
5713
5651
5714
5652
5715
5653
5716
5654
5717
5655
5718
5656
5719
5657
5720
5658
5721
5659
5722
5660
5723
5661
5724
5662
5725
5663
5726
5664
5727
5665
5728
5666
5729
5667
5730
5668
5731
5669
5732
5670
5733
5671
5734
5672
5735
5673
5736
5674
5737
5675
5738
5676
5739
5677
5740
5678
5741
5679
5742
5680
5743
5681
5744
5682
5745
5683
5746
5684
5747
5685
5748
5686
5749
5687
5750
5688
5751
5689
5752
5690
5753
5691
5754
5692
5755
5693
5756
5694
5757
5695
5758
5759
5697
5760
5698
5761
5699
5762
5700
5763
5701
5764
5702
5765
5703
5766
5704
5767
5705
5768
5706
5769
5707
5770
5708
5771
5709
5772
5710
5773
5711
5774
5712
5775
5713
5776
5714
5777
5715
5778
5716
5779
5717
5780
5718
5781
5719
5782
5720
5783
5721
5784
5722
5785
5723
5786
5724
5787
5725
5788
5726
5789
5727
5790
5728
5791
5729
5792
5730
5793
5731
5794
5732
5795
5733
5796
5734
5797
5735
5798
5736
5799
5737
5800
5738
5801
5739
5802
5740
5803
5741
5804
5742
5805
5743
5806
5744
5807
5745
5808
5746
5809
5747
5810
5748
5811
5749
5812
5750
5813
5751
5814
5752
5815
5753
5816
5754
5817
5755
5818
5756
5819
5757
5820
5758
5821
5759
5822
5823
5761
5824
5762
5825
5763
5826
5764
5827
5765
5828
5766
5829
5767
5830
5768
5831
5769
5832
5770
5833
5771
5834
5772
5835
5773
5836
5774
5837
5775
5838
5776
5839
5777
5840
5778
5841
5779
5842
5780
5843
5781
5844
5782
5845
5783
5846
5784
5847
5785
5848
5786
5849
5787
5850
5788
5851
5789
5852
5790
5853
5791
5854
5792
5855
5793
5856
5794
5857
5795
5858
5796
5859
5797
5860
5798
5861
5799
5862
5800
5863
5801
5864
5802
5865
5803
5866
5804
5867
5805
5868
5806
5869
5807
5870
5808
5871
5809
5872
5810
5873
5811
5874
5812
5875
5813
5876
5814
5877
5815
5878
5816
5879
5817
5880
5818
5881
5819
5882
5820
5883
5821
5884
5822
5885
5823
5886
5887
5825
5888
5826
5889
5827
5890
5828
5891
5829
5892
5830
5893
5831
5894
5832
5895
5833
5896
5834
5897
5835
5898
5836
5899
5837
5900
5838
5901
5839
5902
5840
5903
5841
5904
5842
5905
5843
5906
5844
5907
5845
5908
5846
5909
5847
5910
5848
5911
5849
5912
5850
5913
5851
5914
5852
5915
5853
5916
5854
5917
5855
5918
5856
5919
5857
5920
5858
5921
5859
5922
5860
5923
5861
5924
5862
5925
5863
5926
5864
5927
5865
5928
5866
5929
5867
5930
5868
5931
5869
5932
5870
5933
5871
5934
5872
5935
5873
5936
5874
5937
5875
5938
5876
5939
5877
5940
5878
5941
5879
5942
5880
5943
5881
5944
5882
5945
5883
5946
5884
5947
5885
5948
5886
5949
5887
5950
5951
5889
5952
5890
5953
5891
5954
5892
5955
5893
5956
5894
5957
5895
5958
5896
5959
5897
5960
5898
5961
5899
5962
5900
5963
5901
5964
5902
5965
5903
5966
5904
5967
5905
5968
5906
5969
5907
5970
5908
5971
5909
5972
5910
5973
5911
5974
5912
5975
5913
5976
5914
5977
5915
5978
5916
5979
5917
5980
5918
5981
5919
5982
5920
5983
5921
5984
5922
5985
5923
5986
5924
5987
5925
5988
5926
5989
5927
5990
5928
5991
5929
5992
5930
5993
5931
5994
5932
5995
5933
5996
5934
5997
5935
5998
5936
5999
5937
6000
5938
6001
5939
6002
5940
6003
5941
6004
5942
6005
5943
6006
5944
6007
5945
6008
5946
6009
5947
6010
5948
6011
5949
6012
5950
6013
5951
6014
6015
5953
6016
5954
6017
5955
6018
5956
6019
5957
6020
5958
6021
5959
6022
5960
6023
5961
6024
5962
6025
5963
6026
5964
6027
5965
6028
5966
6029
5967
6030
5968
6031
5969
6032
5970
6033
5971
6034
5972
6035
5973
6036
5974
6037
5975
6038
5976
6039
5977
6040
5978
6041
5979
6042
5980
6043
5981
6044
5982
6045
5983
6046
5984
6047
5985
6048
5986
6049
5987
6050
5988
6051
5989
6052
5990
6053
5991
6054
5992
6055
5993
6056
5994
6057
5995
6058
5996
6059
5997
6060
5998
6061
5999
6062
6000
6063
6001
6064
6002
6065
6003
6066
6004
6067
6005
6068
6006
6069
6007
6070
6008
6071
6009
6072
6010
6073
6011
6074
6012
6075
6013
6076
6014
6077
6015
6078
6079
6017
6080
6018
6081
6019
6082
6020
6083
6021
6084
6022
6085
6023
6086
6024
6087
6025
6088
6026
6089
6027
6090
6028
6091
6029
6092
6030
6093
6031
6094
6032
6095
6033
6096
6034
6097
6035
6098
6036
6099
6037
6100
6038
6101
6039
6102
6040
6103
6041
6104
6042
6105
6043
6106
6044
6107
6045
6108
6046
6109
6047
6110
6048
6111
6049
6112
6050
6113
6051
6114
6052
6115
6053
6116
6054
6117
6055
6118
6056
6119
6057
6120
6058
6121
6059
6122
6060
6123
6061
6124
6062
6125
6063
6126
6064
6127
6065
6128
6066
6129
6067
6130
6068
6131
6069
6132
6070
6133
6071
6134
6072
6135
6073
6136
6074
6137
6075
6138
6076
6139
6077
6140
6078
6141
6079
6142
6143
6081
6144
6082
6145
6083
6146
6084
6147
6085
6148
6086
6149
6087
6150
6088
6151
6089
6152
6090
6153
6091
6154
6092
6155
6093
6156
6094
6157
6095
6158
6096
6159
6097
6160
6098
6161
6099
6162
6100
6163
6101
6164
6102
6165
6103
6166
6104
6167
6105
6168
6106
6169
6107
6170
6108
6171
6109
6172
6110
6173
6111
6174
6112
6175
6113
6176
6114
6177
6115
6178
6116
6179
6117
6180
6118
6181
6119
6182
6120
6183
6121
6184
6122
6185
6123
6186
6124
6187
6125
6188
6126
6189
6127
6190
6128
6191
6129
6192
6130
6193
6131
6194
6132
6195
6133
6196
6134
6197
6135
6198
6136
6199
6137
6200
6138
6201
6139
6202
6140
6203
6141
6204
6142
6205
6143
6206
6207
6145
6208
6146
6209
6147
6210
6148
6211
6149
6212
6150
6213
6151
6214
6152
6215
6153
6216
6154
6217
6155
6218
6156
6219
6157
6220
6158
6221
6159
6222
6160
6223
6161
6224
6162
6225
6163
6226
6164
6227
6165
6228
6166
6229
6167
6230
6168
6231
6169
6232
6170
6233
6171
6234
6172
6235
6173
6236
6174
6237
6175
6238
6176
6239
6177
6240
6178
6241
6179
6242
6180
6243
6181
6244
6182
6245
6183
6246
6184
6247
6185
6248
6186
6249
6187
6250
6188
6251
6189
6252
6190
6253
6191
6254
6192
6255
6193
6256
6194
6257
6195
6258
6196
6259
6197
6260
6198
6261
6199
6262
6200
6263
6201
6264
6202
6265
6203
6266
6204
6267
6205
6268
6206
6269
6207
6270
6271
6209
6272
6210
6273
6211
6274
6212
6275
6213
6276
6214
6277
6215
6278
6216
6279
6217
6280
6218
6281
6219
6282
6220
6283
6221
6284
6222
6285
6223
6286
6224
6287
6225
6288
6226
6289
6227
6290
6228
6291
6229
6292
6230
6293
6231
6294
6232
6295
6233
6296
6234
6297
6235
6298
6236
6299
6237
6300
6238
6301
6239
6302
6240
6303
6241
6304
6242
6305
6243
6306
6244
6307
6245
6308
6246
6309
6247
6310
6248
6311
6249
6312
6250
6313
6251
6314
6252
6315
6253
6316
6254
6317
6255
6318
6256
6319
6257
6320
6258
6321
6259
6322
6260
6323
6261
6324
6262
6325
6263
6326
6264
6327
6265
6328
6266
6329
6267
6330
6268
6331
6269
6332
6270
6333
6271
6334
6335
6273
6336
6274
6337
6275
6338
6276
6339
6277
6340
6278
6341
6279
6342
6280
6343
6281
6344
6282
6345
6283
6346
6284
6347
6285
6348
6286
6349
6287
6350
6288
6351
6289
6352
6290
6353
6291
6354
6292
6355
6293
6356
6294
6357
6295
6358
6296
6359
6297
6360
6298
6361
6299
6362
6300
6363
6301
6364
6302
6365
6303
6366
6304
6367
6305
6368
6306
6369
6307
6370
6308
6371
6309
6372
6310
6373
6311
6374
6312
6375
6313
6376
6314
6377
6315
6378
6316
6379
6317
6380
6318
6381
6319
6382
6320
6383
6321
6384
6322
6385
6323
6386
6324
6387
6325
6388
6326
6389
6327
6390
6328
6391
6329
6392
6330
6393
6331
6394
6332
6395
6333
6396
6334
6397
6335
6398
6399
6337
6400
6338
6401
6339
6402
6340
6403
6341
6404
6342
6405
6343
6406
6344
6407
6345
6408
6346
6409
6347
6410
6348
6411
6349
6412
6350
6413
6351
6414
6352
6415
6353
6416
6354
6417
6355
6418
6356
6419
6357
6420
6358
6421
6359
6422
6360
6423
6361
6424
6362
6425
6363
6426
6364
6427
6365
6428
6366
6429
6367
6430
6368
6431
6369
6432
6370
6433
6371
6434
6372
6435
6373
6436
6374
6437
6375
6438
6376
6439
6377
6440
6378
6441
6379
6442
6380
6443
6381
6444
6382
6445
6383
6446
6384
6447
6385
6448
6386
6449
6387
6450
6388
6451
6389
6452
6390
6453
6391
6454
6392
6455
6393
6456
6394
6457
6395
6458
6396
6459
6397
6460
6398
6461
6399
6462
6463
6401
6464
6402
6465
6403
6466
6404
6467
6405
6468
6406
6469
6407
6470
6408
6471
6409
6472
6410
6473
6411
6474
6412
6475
6413
6476
6414
6477
6415
6478
6416
6479
6417
6480
6418
6481
6419
6482
6420
6483
6421
6484
6422
6485
6423
6486
6424
6487
6425
6488
6426
6489
6427
6490
6428
6491
6429
6492
6430
6493
6431
6494
6432
6495
6433
6496
6434
6497
6435
6498
6436
6499
6437
6500
6438
6501
6439
6502
6440
6503
6441
6504
6442
6505
6443
6506
6444
6507
6445
6508
6446
6509
6447
6510
6448
6511
6449
6512
6450
6513
6451
6514
6452
6515
6453
6516
6454
6517
6455
6518
6456
6519
6457
6520
6458
6521
6459
6522
6460
6523
6461
6524
6462
6525
6463
6526
6527
6465
6528
6466
6529
6467
6530
6468
6531
6469
6532
6470
6533
6471
6534
6472
6535
6473
6536
6474
6537
6475
6538
6476
6539
6477
6540
6478
6541
6479
6542
6480
6543
6481
6544
6482
6545
6483
6546
6484
6547
6485
6548
6486
6549
6487
6550
6488
6551
6489
6552
6490
6553
6491
6554
6492
6555
6493
6556
6494
6557
6495
6558
6496
6559
6497
6560
6498
6561
6499
6562
6500
6563
6501
6564
6502
6565
6503
6566
6504
6567
6505
6568
6506
6569
6507
6570
6508
6571
6509
6572
6510
6573
6511
6574
6512
6575
6513
6576
6514
6577
6515
6578
6516
6579
6517
6580
6518
6581
6519
6582
6520
6583
6521
6584
6522
6585
6523
6586
6524
6587
6525
6588
6526
6589
6527
6590
6591
6529
6592
6530
6593
6531
6594
6532
6595
6533
6596
6534
6597
6535
6598
6536
6599
6537
6600
6538
6601
6539
6602
6540
6603
6541
6604
6542
6605
6543
6606
6544
6607
6545
6608
6546
6609
6547
6610
6548
6611
6549
6612
6550
6613
6551
6614
6552
6615
6553
6616
6554
6617
6555
6618
6556
6619
6557
6620
6558
6621
6559
6622
6560
6623
6561
6624
6562
6625
6563
6626
6564
6627
6565
6628
6566
6629
6567
6630
6568
6631
6569
6632
6570
6633
6571
6634
6572
6635
6573
6636
6574
6637
6575
6638
6576
6639
6577
6640
6578
6641
6579
6642
6580
6643
6581
6644
6582
6645
6583
6646
6584
6647
6585
6648
6586
6649
6587
6650
6588
6651
6589
6652
6590
6653
6591
6654
6655
6593
6656
6594
6657
6595
6658
6596
6659
6597
6660
6598
6661
6599
6662
6600
6663
6601
6664
6602
6665
6603
6666
6604
6667
6605
6668
6606
6669
6607
6670
6608
6671
6609
6672
6610
6673
6611
6674
6612
6675
6613
6676
6614
6677
6615
6678
6616
6679
6617
6680
6618
6681
6619
6682
6620
6683
6621
6684
6622
6685
6623
6686
6624
6687
6625
6688
6626
6689
6627
6690
6628
6691
6629
6692
6630
6693
6631
6694
6632
6695
6633
6696
6634
6697
6635
6698
6636
6699
6637
6700
6638
6701
6639
6702
6640
6703
6641
6704
6642
6705
6643
6706
6644
6707
6645
6708
6646
6709
6647
6710
6648
6711
6649
6712
6650
6713
6651
6714
6652
6715
6653
6716
6654
6717
6655
6718
6719
6657
6720
6658
6721
6659
6722
6660
6723
6661
6724
6662
6725
6663
6726
6664
6727
6665
6728
6666
6729
6667
6730
6668
6731
6669
6732
6670
6733
6671
6734
6672
6735
6673
6736
6674
6737
6675
6738
6676
6739
6677
6740
6678
6741
6679
6742
6680
6743
6681
6744
6682
6745
6683
6746
6684
6747
6685
6748
6686
6749
6687
6750
6688
6751
6689
6752
6690
6753
6691
6754
6692
6755
6693
6756
6694
6757
6695
6758
6696
6759
6697
6760
6698
6761
6699
6762
6700
6763
6701
6764
6702
6765
6703
6766
6704
6767
6705
6768
6706
6769
6707
6770
6708
6771
6709
6772
6710
6773
6711
6774
6712
6775
6713
6776
6714
6777
6715
6778
6716
6779
6717
6780
6718
6781
6719
6782
6783
6721
6784
6722
6785
6723
6786
6724
6787
6725
6788
6726
6789
6727
6790
6728
6791
6729
6792
6730
6793
6731
6794
6732
6795
6733
6796
6734
6797
6735
6798
6736
6799
6737
6800
6738
6801
6739
6802
6740
6803
6741
6804
6742
6805
6743
6806
6744
6807
6745
6808
6746
6809
6747
6810
6748
6811
6749
6812
6750
6813
6751
6814
6752
6815
6753
6816
6754
6817
6755
6818
6756
6819
6757
6820
6758
6821
6759
6822
6760
6823
6761
6824
6762
6825
6763
6826
6764
6827
6765
6828
6766
6829
6767
6830
6768
6831
6769
6832
6770
6833
6771
6834
6772
6835
6773
6836
6774
6837
6775
6838
6776
6839
6777
6840
6778
6841
6779
6842
6780
6843
6781
6844
6782
6845
6783
6846
6847
6785
6848
6786
6849
6787
6850
6788
6851
6789
6852
6790
6853
6791
6854
6792
6855
6793
6856
6794
6857
6795
6858
6796
6859
6797
6860
6798
6861
6799
6862
6800
6863
6801
6864
6802
6865
6803
6866
6804
6867
6805
6868
6806
6869
6807
6870
6808
6871
6809
6872
6810
6873
6811
6874
6812
6875
6813
6876
6814
6877
6815
6878
6816
6879
6817
6880
6818
6881
6819
6882
6820
6883
6821
6884
6822
6885
6823
6886
6824
6887
6825
6888
6826
6889
6827
6890
6828
6891
6829
6892
6830
6893
6831
6894
6832
6895
6833
6896
6834
6897
6835
6898
6836
6899
6837
6900
6838
6901
6839
6902
6840
6903
6841
6904
6842
6905
6843
6906
6844
6907
6845
6908
6846
6909
6847
6910
6911
6849
6912
6850
6913
6851
6914
6852
6915
6853
6916
6854
6917
6855
6918
6856
6919
6857
6920
6858
6921
6859
6922
6860
6923
6861
6924
6862
6925
6863
6926
6864
6927
6865
6928
6866
6929
6867
6930
6868
6931
6869
6932
6870
6933
6871
6934
6872
6935
6873
6936
6874
6937
6875
6938
6876
6939
6877
6940
6878
6941
6879
6942
6880
6943
6881
6944
6882
6945
6883
6946
6884
6947
6885
6948
6886
6949
6887
6950
6888
6951
6889
6952
6890
6953
6891
6954
6892
6955
6893
6956
6894
6957
6895
6958
6896
6959
6897
6960
6898
6961
6899
6962
6900
6963
6901
6964
6902
6965
6903
6966
6904
6967
6905
6968
6906
6969
6907
6970
6908
6971
6909
6972
6910
6973
6911
6974
6975
6913
6976
6914
6977
6915
6978
6916
6979
6917
6980
6918
6981
6919
6982
6920
6983
6921
6984
6922
6985
6923
6986
6924
6987
6925
6988
6926
6989
6927
6990
6928
6991
6929
6992
6930
6993
6931
6994
6932
6995
6933
6996
6934
6997
6935
6998
6936
6999
6937
7000
6938
7001
6939
7002
6940
7003
6941
7004
6942
7005
6943
7006
6944
7007
6945
7008
6946
7009
6947
7010
6948
7011
6949
7012
6950
7013
6951
7014
6952
7015
6953
7016
6954
7017
6955
7018
6956
7019
6957
7020
6958
7021
6959
7022
6960
7023
6961
7024
6962
7025
6963
7026
6964
7027
6965
7028
6966
7029
6967
7030
6968
7031
6969
7032
6970
7033
6971
7034
6972
7035
6973
7036
6974
7037
6975
7038
7039
6977
7040
6978
7041
6979
7042
6980
7043
6981
7044
6982
7045
6983
7046
6984
7047
6985
7048
6986
7049
6987
7050
6988
7051
6989
7052
6990
7053
6991
7054
6992
7055
6993
7056
6994
7057
6995
7058
6996
7059
6997
7060
6998
7061
6999
7062
7000
7063
7001
7064
7002
7065
7003
7066
7004
7067
7005
7068
7006
7069
7007
7070
7008
7071
7009
7072
7010
7073
7011
7074
7012
7075
7013
7076
7014
7077
7015
7078
7016
7079
7017
7080
7018
7081
7019
7082
7020
7083
7021
7084
7022
7085
7023
7086
7024
7087
7025
7088
7026
7089
7027
7090
7028
7091
7029
7092
7030
7093
7031
7094
7032
7095
7033
7096
7034
7097
7035
7098
7036
7099
7037
7100
7038
7101
7039
7102
7103
7041
7104
7042
7105
7043
7106
7044
7107
7045
7108
7046
7109
7047
7110
7048
7111
7049
7112
7050
7113
7051
7114
7052
7115
7053
7116
7054
7117
7055
7118
7056
7119
7057
7120
7058
7121
7059
7122
7060
7123
7061
7124
7062
7125
7063
7126
7064
7127
7065
7128
7066
7129
7067
7130
7068
7131
7069
7132
7070
7133
7071
7134
7072
7135
7073
7136
7074
7137
7075
7138
7076
7139
7077
7140
7078
7141
7079
7142
7080
7143
7081
7144
7082
7145
7083
7146
7084
7147
7085
7148
7086
7149
7087
7150
7088
7151
7089
7152
7090
7153
7091
7154
7092
7155
7093
7156
7094
7157
7095
7158
7096
7159
7097
7160
7098
7161
7099
7162
7100
7163
7101
7164
7102
7165
7103
7166
7167
7105
7168
7106
7169
7107
7170
7108
7171
7109
7172
7110
7173
7111
7174
7112
7175
7113
7176
7114
7177
7115
7178
7116
7179
7117
7180
7118
7181
7119
7182
7120
7183
7121
7184
7122
7185
7123
7186
7124
7187
7125
7188
7126
7189
7127
7190
7128
7191
7129
7192
7130
7193
7131
7194
7132
7195
7133
7196
7134
7197
7135
7198
7136
7199
7137
7200
7138
7201
7139
7202
7140
7203
7141
7204
7142
7205
7143
7206
7144
7207
7145
7208
7146
7209
7147
7210
7148
7211
7149
7212
7150
7213
7151
7214
7152
7215
7153
7216
7154
7217
7155
7218
7156
7219
7157
7220
7158
7221
7159
7222
7160
7223
7161
7224
7162
7225
7163
7226
7164
7227
7165
7228
7166
7229
7167
7230
7231
7169
7232
7170
7233
7171
7234
7172
7235
7173
7236
7174
7237
7175
7238
7176
7239
7177
7240
7178
7241
7179
7242
7180
7243
7181
7244
7182
7245
7183
7246
7184
7247
7185
7248
7186
7249
7187
7250
7188
7251
7189
7252
7190
7253
7191
7254
7192
7255
7193
7256
7194
7257
7195
7258
7196
7259
7197
7260
7198
7261
7199
7262
7200
7263
7201
7264
7202
7265
7203
7266
7204
7267
7205
7268
7206
7269
7207
7270
7208
7271
7209
7272
7210
7273
7211
7274
7212
7275
7213
7276
7214
7277
7215
7278
7216
7279
7217
7280
7218
7281
7219
7282
7220
7283
7221
7284
7222
7285
7223
7286
7224
7287
7225
7288
7226
7289
7227
7290
7228
7291
7229
7292
7230
7293
7231
7294
7295
7233
7296
7234
7297
7235
7298
7236
7299
7237
7300
7238
7301
7239
7302
7240
7303
7241
7304
7242
7305
7243
7306
7244
7307
7245
7308
7246
7309
7247
7310
7248
7311
7249
7312
7250
7313
7251
7314
7252
7315
7253
7316
7254
7317
7255
7318
7256
7319
7257
7320
7258
7321
7259
7322
7260
7323
7261
7324
7262
7325
7263
7326
7264
7327
7265
7328
7266
7329
7267
7330
7268
7331
7269
7332
7270
7333
7271
7334
7272
7335
7273
7336
7274
7337
7275
7338
7276
7339
7277
7340
7278
7341
7279
7342
7280
7343
7281
7344
7282
7345
7283
7346
7284
7347
7285
7348
7286
7349
7287
7350
7288
7351
7289
7352
7290
7353
7291
7354
7292
7355
7293
7356
7294
7357
7295
7358
7359
7297
7360
7298
7361
7299
7362
7300
7363
7301
7364
7302
7365
7303
7366
7304
7367
7305
7368
7306
7369
7307
7370
7308
7371
7309
7372
7310
7373
7311
7374
7312
7375
7313
7376
7314
7377
7315
7378
7316
7379
7317
7380
7318
7381
7319
7382
7320
7383
7321
7384
7322
7385
7323
7386
7324
7387
7325
7388
7326
7389
7327
7390
7328
7391
7329
7392
7330
7393
7331
7394
7332
7395
7333
7396
7334
7397
7335
7398
7336
7399
7337
7400
7338
7401
7339
7402
7340
7403
7341
7404
7342
7405
7343
7406
7344
7407
7345
7408
7346
7409
7347
7410
7348
7411
7349
7412
7350
7413
7351
7414
7352
7415
7353
7416
7354
7417
7355
7418
7356
7419
7357
7420
7358
7421
7359
7422
7423
7361
7424
7362
7425
7363
7426
7364
7427
7365
7428
7366
7429
7367
7430
7368
7431
7369
7432
7370
7433
7371
7434
7372
7435
7373
7436
7374
7437
7375
7438
7376
7439
7377
7440
7378
7441
7379
7442
7380
7443
7381
7444
7382
7445
7383
7446
7384
7447
7385
7448
7386
7449
7387
7450
7388
7451
7389
7452
7390
7453
7391
7454
7392
7455
7393
7456
7394
7457
7395
7458
7396
7459
7397
7460
7398
7461
7399
7462
7400
7463
7401
7464
7402
7465
7403
7466
7404
7467
7405
7468
7406
7469
7407
7470
7408
7471
7409
7472
7410
7473
7411
7474
7412
7475
7413
7476
7414
7477
7415
7478
7416
7479
7417
7480
7418
7481
7419
7482
7420
7483
7421
7484
7422
7485
7423
7486
7487
7425
7488
7426
7489
7427
7490
7428
7491
7429
7492
7430
7493
7431
7494
7432
7495
7433
7496
7434
7497
7435
7498
7436
7499
7437
7500
7438
7501
7439
7502
7440
7503
7441
7504
7442
7505
7443
7506
7444
7507
7445
7508
7446
7509
7447
7510
7448
7511
7449
7512
7450
7513
7451
7514
7452
7515
7453
7516
7454
7517
7455
7518
7456
7519
7457
7520
7458
7521
7459
7522
7460
7523
7461
7524
7462
7525
7463
7526
7464
7527
7465
7528
7466
7529
7467
7530
7468
7531
7469
7532
7470
7533
7471
7534
7472
7535
7473
7536
7474
7537
7475
7538
7476
7539
7477
7540
7478
7541
7479
7542
7480
7543
7481
7544
7482
7545
7483
7546
7484
7547
7485
7548
7486
7549
7487
7550
7551
7489
7552
7490
7553
7491
7554
7492
7555
7493
7556
7494
7557
7495
7558
7496
7559
7497
7560
7498
7561
7499
7562
7500
7563
7501
7564
7502
7565
7503
7566
7504
7567
7505
7568
7506
7569
7507
7570
7508
7571
7509
7572
7510
7573
7511
7574
7512
7575
7513
7576
7514
7577
7515
7578
7516
7579
7517
7580
7518
7581
7519
7582
7520
7583
7521
7584
7522
7585
7523
7586
7524
7587
7525
7588
7526
7589
7527
7590
7528
7591
7529
7592
7530
7593
7531
7594
7532
7595
7533
7596
7534
7597
7535
7598
7536
7599
7537
7600
7538
7601
7539
7602
7540
7603
7541
7604
7542
7605
7543
7606
7544
7607
7545
7608
7546
7609
7547
7610
7548
7611
7549
7612
7550
7613
7551
7614
7615
7553
7616
7554
7617
7555
7618
7556
7619
7557
7620
7558
7621
7559
7622
7560
7623
7561
7624
7562
7625
7563
7626
7564
7627
7565
7628
7566
7629
7567
7630
7568
7631
7569
7632
7570
7633
7571
7634
7572
7635
7573
7636
7574
7637
7575
7638
7576
7639
7577
7640
7578
7641
7579
7642
7580
7643
7581
7644
7582
7645
7583
7646
7584
7647
7585
7648
7586
7649
7587
7650
7588
7651
7589
7652
7590
7653
7591
7654
7592
7655
7593
7656
7594
7657
7595
7658
7596
7659
7597
7660
7598
7661
7599
7662
7600
7663
7601
7664
7602
7665
7603
7666
7604
7667
7605
7668
7606
7669
7607
7670
7608
7671
7609
7672
7610
7673
7611
7674
7612
7675
7613
7676
7614
7677
7615
7678
7679
7617
7680
7618
7681
7619
7682
7620
7683
7621
7684
7622
7685
7623
7686
7624
7687
7625
7688
7626
7689
7627
7690
7628
7691
7629
7692
7630
7693
7631
7694
7632
7695
7633
7696
7634
7697
7635
7698
7636
7699
7637
7700
7638
7701
7639
7702
7640
7703
7641
7704
7642
7705
7643
7706
7644
7707
7645
7708
7646
7709
7647
7710
7648
7711
7649
7712
7650
7713
7651
7714
7652
7715
7653
7716
7654
7717
7655
7718
7656
7719
7657
7720
7658
7721
7659
7722
7660
7723
7661
7724
7662
7725
7663
7726
7664
7727
7665
7728
7666
7729
7667
7730
7668
7731
7669
7732
7670
7733
7671
7734
7672
7735
7673
7736
7674
7737
7675
7738
7676
7739
7677
7740
7678
7741
7679
7742
7743
7681
7744
7682
7745
7683
7746
7684
7747
7685
7748
7686
7749
7687
7750
7688
7751
7689
7752
7690
7753
7691
7754
7692
7755
7693
7756
7694
7757
7695
7758
7696
7759
7697
7760
7698
7761
7699
7762
7700
7763
7701
7764
7702
7765
7703
7766
7704
7767
7705
7768
7706
7769
7707
7770
7708
7771
7709
7772
7710
7773
7711
7774
7712
7775
7713
7776
7714
7777
7715
7778
7716
7779
7717
7780
7718
7781
7719
7782
7720
7783
7721
7784
7722
7785
7723
7786
7724
7787
7725
7788
7726
7789
7727
7790
7728
7791
7729
7792
7730
7793
7731
7794
7732
7795
7733
7796
7734
7797
7735
7798
7736
7799
7737
7800
7738
7801
7739
7802
7740
7803
7741
7804
7742
7805
7743
7806
7807
7745
7808
7746
7809
7747
7810
7748
7811
7749
7812
7750
7813
7751
7814
7752
7815
7753
7816
7754
7817
7755
7818
7756
7819
7757
7820
7758
7821
7759
7822
7760
7823
7761
7824
7762
7825
7763
7826
7764
7827
7765
7828
7766
7829
7767
7830
7768
7831
7769
7832
7770
7833
7771
7834
7772
7835
7773
7836
7774
7837
7775
7838
7776
7839
7777
7840
7778
7841
7779
7842
7780
7843
7781
7844
7782
7845
7783
7846
7784
7847
7785
7848
7786
7849
7787
7850
7788
7851
7789
7852
7790
7853
7791
7854
7792
7855
7793
7856
7794
7857
7795
7858
7796
7859
7797
7860
7798
7861
7799
7862
7800
7863
7801
7864
7802
7865
7803
7866
7804
7867
7805
7868
7806
7869
7807
7870
7871
7809
7872
7810
7873
7811
7874
7812
7875
7813
7876
7814
7877
7815
7878
7816
7879
7817
7880
7818
7881
7819
7882
7820
7883
7821
7884
7822
7885
7823
7886
7824
7887
7825
7888
7826
7889
7827
7890
7828
7891
7829
7892
7830
7893
7831
7894
7832
7895
7833
7896
7834
7897
7835
7898
7836
7899
7837
7900
7838
7901
7839
7902
7840
7903
7841
7904
7842
7905
7843
7906
7844
7907
7845
7908
7846
7909
7847
7910
7848
7911
7849
7912
7850
7913
7851
7914
7852
7915
7853
7916
7854
7917
7855
7918
7856
7919
7857
7920
7858
7921
7859
7922
7860
7923
7861
7924
7862
7925
7863
7926
7864
7927
7865
7928
7866
7929
7867
7930
7868
7931
7869
7932
7870
7933
7871
7934
7935
7873
7936
7874
7937
7875
7938
7876
7939
7877
7940
7878
7941
7879
7942
7880
7943
7881
7944
7882
7945
7883
7946
7884
7947
7885
7948
7886
7949
7887
7950
7888
7951
7889
7952
7890
7953
7891
7954
7892
7955
7893
7956
7894
7957
7895
7958
7896
7959
7897
7960
7898
7961
7899
7962
7900
7963
7901
7964
7902
7965
7903
7966
7904
7967
7905
7968
7906
7969
7907
7970
7908
7971
7909
7972
7910
7973
7911
7974
7912
7975
7913
7976
7914
7977
7915
7978
7916
7979
7917
7980
7918
7981
7919
7982
7920
7983
7921
7984
7922
7985
7923
7986
7924
7987
7925
7988
7926
7989
7927
7990
7928
7991
7929
7992
7930
7993
7931
7994
7932
7995
7933
7996
7934
7997
7935
7998
7999
7937
8000
7938
8001
7939
8002
7940
8003
7941
8004
7942
8005
7943
8006
7944
8007
7945
8008
7946
8009
7947
8010
7948
8011
7949
8012
7950
8013
7951
8014
7952
8015
7953
8016
7954
8017
7955
8018
7956
8019
7957
8020
7958
8021
7959
8022
7960
8023
7961
8024
7962
8025
7963
8026
7964
8027
7965
8028
7966
8029
7967
8030
7968
8031
7969
8032
7970
8033
7971
8034
7972
8035
7973
8036
7974
8037
7975
8038
7976
8039
7977
8040
7978
8041
7979
8042
7980
8043
7981
8044
7982
8045
7983
8046
7984
8047
7985
8048
7986
8049
7987
8050
7988
8051
7989
8052
7990
8053
7991
8054
7992
8055
7993
8056
7994
8057
7995
8058
7996
8059
7997
8060
7998
8061
7999
8062
8063
8001
8064
8002
8065
8003
8066
8004
8067
8005
8068
8006
8069
8007
8070
8008
8071
8009
8072
8010
8073
8011
8074
8012
8075
8013
8076
8014
8077
8015
8078
8016
8079
8017
8080
8018
8081
8019
8082
8020
8083
8021
8084
8022
8085
8023
8086
8024
8087
8025
8088
8026
8089
8027
8090
8028
8091
8029
8092
8030
8093
8031
8094
8032
8095
8033
8096
8034
8097
8035
8098
8036
8099
8037
8100
8038
8101
8039
8102
8040
8103
8041
8104
8042
8105
8043
8106
8044
8107
8045
8108
8046
8109
8047
8110
8048
8111
8049
8112
8050
8113
8051
8114
8052
8115
8053
8116
8054
8117
8055
8118
8056
8119
8057
8120
8058
8121
8059
8122
8060
8123
8061
8124
8062
8125
8063
8126
8127
8065
8128
8066
8129
8067
8130
8068
8131
8069
8132
8070
8133
8071
8134
8072
8135
8073
8136
8074
8137
8075
8138
8076
8139
8077
8140
8078
8141
8079
8142
8080
8143
8081
8144
8082
8145
8083
8146
8084
8147
8085
8148
8086
8149
8087
8150
8088
8151
8089
8152
8090
8153
8091
8154
8092
8155
8093
8156
8094
8157
8095
8158
8096
8159
8097
8160
8098
8161
8099
8162
8100
8163
8101
8164
8102
8165
8103
8166
8104
8167
8105
8168
8106
8169
8107
8170
8108
8171
8109
8172
8110
8173
8111
8174
8112
8175
8113
8176
8114
8177
8115
8178
8116
8179
8117
8180
8118
8181
8119
8182
8120
8183
8121
8184
8122
8185
8123
8186
8124
8187
8125
8188
8126
8189
8127
8190
8191
8129
8130
8131
8132
8133
8134
8135
8136
8137
8138
8139
8140
8141
8142
8143
8144
8145
8146
8147
8148
8149
8150
8151
8152
8153
8154
8155
8156
8157
8158
8159
8160
8161
8162
8163
8164
8165
8166
8167
8168
8169
8170
8171
8172
8173
8174
8175
8176
8177
8178
8179
8180
8181
8182
8183
8184
8185
8186
8187
8188
8189
8190
8191
)


// ************************************************************************* //
