BinaryInteractionParameter
{
    specielist (N2       C12H26  CO2     CH4     H2O     O2      C7H16   H2      H2S      DME     C6H14);
    
    matrix     (0.0      0.19    -0.0192 0.5     0.1738  -0.0129 0.12    0.103   0.000    0.10    0.02 //N2
                0.19     0.0     0.000   0.000   0.000   0.000   0.000   0.000   0.000    0.04     //C12H26
                -0.011   0.000   0.0     0.103   0.137   0.115   0.000   0.000   0.000    0.000    //CO2        
                0.5      0.000   0.103   0.0     0.17    0.0305  0.000   0.000   0.08     0.29     //CH4        
                0.0      0.000   0.137   0.17    0.0     0.0     0.000   0.000   0.000    0.000    //H2O
                -0.00978 0.000   0.1188  0.0305  0.0     0.0     0.000   0.000   0.000    0.000    //O2          
                0.12     0.000   0.000   0.000   0.000   0.000   0.000   0.000   0.000    0.25     //C7H16                
                0.103    0.000   0.000   0.000   0.000   0.000   0.000   0.000   0.000    0.000    //H2
                0.000    0.000   0.000   0.08    0.000   0.000   0.000   0.000   0.000    0.000    //H2S
                0.10     0.04    0.000   0.29    0.000   0.000   0.25    0.000   0.000    0.000  //DME
                0.02     0.000   0.000   0.000   0.000   0.000   0.000   0.000   0.000    0.000   0.000); //C6H14
} 
inputK false;
Kinit (216.241340890116 0.01205608038086194);
    


/*old 
BinaryInteractionParameter
{
    specielist (N2       C12H26  CO2     CH4     H2O     O2      C7H16   H2      H2S);
    
    matrix     (0.0      0.19    -0.0192 0.5     0.1738  -0.0129 0.12    0.103   0.000    //N2
                0.19     0.0     0.000   0.000   0.000   0.000   0.000   0.000   0.000    //C12H26
                -0.011   0.000   0.0     0.103   0.137   0.115   0.000   0.000   0.000    //CO2        
                0.5      0.000   0.103   0.0     0.0312  0.0305  0.000   0.000   0.08     //CH4        
                0.0      0.000   0.137   0.17    0.0     0.0     0.000   0.000   0.000    //H2O
                -0.00978 0.000   0.1188  0.0305  0.0     0.0     0.000   0.000   0.000    //O2          
                0.12     0.000   0.000   0.000   0.000   0.000   0.000   0.000   0.000    //C7H16                
                0.103    0.000   0.000   0.000   0.000   0.000   0.000   0.000   0.000    //H2
                0.000    0.000   0.000   0.08    0.000   0.000   0.000   0.000   0.000);  //H2S
}*/