U	v	Z1	Z2	T	P	vf	x1	x2	y1	y2
-500.0	0.0014	0.6235544272184677	0.37644557278153246	389.10276841944864	2018018.5320700067	0.9494149026718505	0.02801521063527888	0.9719847893647214	0.6552849268649461	0.344715073135054
-500.0	0.0014	0.6177836598810238	0.38221634011897615	389.3425569793398	1604431.5096318193	0.6762563192971628	0.038315290593518965	0.9616847094064812	0.8951921178440942	0.10480788215590556
-500.0	0.0014	0.6119347486826411	0.388065251317359	389.53841079232495	1578096.130538358	0.6629356786896634	0.03887279355705627	0.9611272064429438	0.9033034970881743	0.09669650291182594
-500.0	0.0014	0.6060060955456386	0.39399390445436155	389.6811819582385	2022733.5369691316	0.9655322746402216	0.026895969092582038	0.9731040309074181	0.6266792613381422	0.37332073866185783
-500.0	0.0014	0.5999960585180263	0.40000394148197366	389.9378165626657	1528805.7563787836	0.6384474021732881	0.03991799942737478	0.9600820005726254	0.91716811773647	0.08283188226352987
-500.0	0.0014	0.5939029502574202	0.4060970497425797	390.08075787863027	2020173.778636119	0.9723036595734302	0.02622229488875903	0.973777705111241	0.6100734917645524	0.3899265082354476
-500.0	0.0014	0.5877250364516515	0.41227496354834847	390.2837543985689	2017685.4291214475	0.974870613355887	0.02589703126368445	0.9741029687363154	0.6022073615688874	0.3977926384311125
-500.0	0.0014	0.5814605341729678	0.4185394658270322	390.5520036715111	1460210.586692335	0.6051842276775947	0.04137558222412629	0.9586244177758738	0.9338062293700824	0.06619377062991758
-500.0	0.0014	0.5751076101625442	0.42489238983745564	390.69495341227736	2010739.7952928399	0.9787131918169464	0.02526026476464315	0.9747397352353567	0.5870666754630919	0.4129333245369079
-500.0	0.0014	0.5686643790418372	0.4313356209581629	390.9027512691447	2006403.3063493464	0.9800852831656343	0.024946113983836046	0.975053886016164	0.5797123923854605	0.4202876076145396
-500.0	0.0013580444444444444	0.6235544272184677	0.37644557278153246	390.0305298007445	1705346.684984263	0.6997650209602806	0.03812863570510308	0.9618713642948971	0.8747320296701093	0.1252679703298906
-500.0	0.0013580444444444444	0.6177836598810238	0.38221634011897615	390.169332057771	2068181.5482873223	0.9421787792840326	0.028804689749214952	0.9711953102507851	0.6539291173863748	0.3460708826136252
-500.0	0.0013580444444444444	0.6119347486826411	0.388065251317359	390.35489053004744	2071012.962376165	0.948620436193783	0.028390605875139308	0.9716093941248606	0.6435409026038259	0.3564590973961741
-500.0	0.0013580444444444444	0.6060060955456386	0.39399390445436155	390.5968060081614	1617017.551863249	0.6558312516054338	0.03997354578752161	0.9600264542124785	0.9030500587967824	0.09694994120321768
-500.0	0.0013580444444444444	0.5999960585180263	0.40000394148197366	390.7362505108225	2072030.1088606603	0.9583023656652551	0.027629633192861474	0.9723703668071384	0.6249008555463899	0.37509914445361003
-500.0	0.0013580444444444444	0.5939029502574202	0.4060970497425797	390.9887559777843	1565413.7557383627	0.6310544267449852	0.04105265855551371	0.9589473414444863	0.9171265252004873	0.08287347479951251
-500.0	0.0013580444444444444	0.5877250364516515	0.41227496354834847	391.18804703911616	1540888.1709590286	0.6194672786300999	0.041565579515278374	0.9584344204847215	0.9232254762965244	0.07677452370347579
-500.0	0.0013580444444444444	0.5814605341729678	0.4185394658270322	391.3278139215492	2065661.7504800418	0.9674840915589406	0.026580830875374547	0.9734191691246254	0.6001093344846654	0.3998906655153347
-500.0	0.0013580444444444444	0.5751076101625442	0.42489238983745564	391.59199352531914	1493568.6080058266	0.5974117997310847	0.042555595250089825	0.95744440474991	0.9339876278148533	0.06601237218514637
-500.0	0.0013580444444444444	0.5686643790418372	0.4313356209581629	391.7962248377091	1470543.6962307624	0.5868105515150216	0.04303786558768495	0.9569621344123151	0.9387724635718128	0.06122753642818717
-500.0	0.001316088888888889	0.6235544272184677	0.37644557278153246	390.90750241412957	2107216.4077425995	0.9157763589330881	0.030660795592468534	0.9693392044075315	0.6780826533883405	0.32191734661165955
-500.0	0.001316088888888889	0.6177836598810238	0.38221634011897615	391.121090493953	1751601.7070653161	0.6934999854171425	0.03919494186148643	0.9608050581385134	0.8734973646243569	0.12650263537564302
-500.0	0.001316088888888889	0.6119347486826411	0.388065251317359	391.25596851450604	2120537.7753283554	0.9342355499165903	0.02965219388176001	0.9703478061182399	0.6529238675542808	0.3470761324457193
-500.0	0.001316088888888889	0.6060060955456386	0.39399390445436155	391.4370972958295	2123192.59526764	0.9407594586569317	0.029215399975387395	0.9707846000246125	0.6423271686242004	0.3576728313757998
-500.0	0.001316088888888889	0.5999960585180263	0.40000394148197366	391.6741536632374	1658702.830737597	0.6488057216966597	0.04111243447798484	0.9588875655220152	0.902516095621004	0.09748390437899598
-500.0	0.001316088888888889	0.5939029502574202	0.4060970497425797	391.80993676155816	2123577.126938653	0.9504866429240617	0.028413749074194965	0.971586250925805	0.6233607747825873	0.3766392252174127
-500.0	0.001316088888888889	0.5877250364516515	0.41227496354834847	392.0007197177156	2121923.4167498336	0.9541187076765055	0.028036330756132138	0.9719636692438678	0.6146391310077777	0.38536086899222227
-500.0	0.001316088888888889	0.5814605341729678	0.4185394658270322	392.2529827597628	1578756.5830927033	0.6119357906326037	0.042759674635051495	0.9572403253649485	0.9230821983119573	0.07691780168804273
-500.0	0.001316088888888889	0.5751076101625442	0.42489238983745564	392.389224892007	2115831.847001092	0.9595676416468513	0.02730963266693615	0.9726903673330636	0.5981896349932481	0.4018103650067519
-500.0	0.001316088888888889	0.5686643790418372	0.4313356209581629	392.6488542529937	1529066.9252832418	0.5895946202377714	0.043782249575515665	0.9562177504244844	0.9340246490985088	0.06597535090149143
-500.0	0.0012741333333333334	0.6235544272184677	0.37644557278153246	391.89615916107385	1885880.0288235939	0.7291205479978279	0.03856267006281805	0.9614373299371818	0.8408878257068917	0.1591121742931083
-500.0	0.0012741333333333334	0.6177836598810238	0.38221634011897615	392.02597835975257	2161458.529646989	0.9064241614415834	0.03163983010346698	0.9683601698965327	0.6782949554979066	0.3217050445020935
-500.0	0.0012741333333333334	0.6119347486826411	0.388065251317359	392.23321312242234	1801626.7968523018	0.6875321020918183	0.04028919299809927	0.9597108070019008	0.8717348141484553	0.12826518585154478
-500.0	0.0012741333333333334	0.6060060955456386	0.39399390445436155	392.3637424156696	2175252.9377458133	0.9255212035835466	0.030564550729441586	0.9694354492705584	0.652313185539894	0.3476868144601061
-500.0	0.0012741333333333334	0.5999960585180263	0.40000394148197366	392.5398632682528	2177784.4320690357	0.9321891789784429	0.030101574296120974	0.9698984257038791	0.6414522497528292	0.3585477502471709
-500.0	0.0012741333333333334	0.5939029502574202	0.4060970497425797	392.77138330800614	1703467.5638538778	0.6418712804821535	0.04229084718175918	0.9577091528182408	0.9016720344212122	0.09832796557878762
-500.0	0.0012741333333333334	0.5877250364516515	0.41227496354834847	392.90312597078116	2177564.3225094453	0.9420411899774596	0.029253844983986362	0.9707461550160137	0.6220848139578884	0.37791518604211144
-500.0	0.0012741333333333334	0.5814605341729678	0.4185394658270322	393.08928233585647	2175487.8015765906	0.9456834640978964	0.028855242916820335	0.9711447570831797	0.6132001238789583	0.38679987612104183
-500.0	0.0012741333333333334	0.5751076101625442	0.42489238983745564	393.3363621476485	1619245.7793657759	0.6043993396123896	0.04399988683967003	0.9560001131603297	0.9227363256707939	0.07726367432920613
-500.0	0.0012741333333333334	0.5686643790418372	0.4313356209581629	393.4687282453039	2168384.257578997	0.9510856818592393	0.028088181482232136	0.9719118185177678	0.5964662023802593	0.40353379761974073
-500.0	0.0012321777777777776	0.6235544272184677	0.37644557278153246	392.8902450088264	2012401.9856383123	0.7592306036931222	0.038204985899458255	0.9617950141005418	0.8091821283798806	0.19081787162011946
-500.0	0.0012321777777777776	0.6177836598810238	0.38221634011897615	393.043638962867	1946749.264927965	0.7254692550473437	0.03956276251121639	0.9604372374887833	0.8365929513812782	0.1634070486187218
-500.0	0.0012321777777777776	0.6119347486826411	0.388065251317359	393.1683168751241	2217835.7250502068	0.8959339858689988	0.03270578654413156	0.9672942134558686	0.6792143142641672	0.320785685735833
-500.0	0.0012321777777777776	0.6060060955456386	0.39399390445436155	393.3681720006064	1855935.6900186029	0.6819191353205171	0.04140994126083277	0.9585900587391674	0.8693617100866674	0.1306382899133327
-500.0	0.0012321777777777776	0.5999960585180263	0.40000394148197366	393.53802021531294	1818531.821558334	0.6647805485139031	0.042165583146670606	0.9578344168533295	0.8812853146405731	0.11871468535942672
-500.0	0.0012321777777777776	0.5939029502574202	0.4060970497425797	393.6643091071333	2234982.918712215	0.9228429235275688	0.03105651761956146	0.9689434823804384	0.6409614302415029	0.35903856975849713
-500.0	0.0012321777777777776	0.5877250364516515	0.41227496354834847	393.88953702999294	1751683.970482658	0.6350454717504174	0.043510005927020645	0.9564899940729793	0.9004801832350728	0.09951981676492702
-500.0	0.0012321777777777776	0.5814605341729678	0.4185394658270322	394.0701541025399	1720887.5422453822	0.6216740115811765	0.044126744974899455	0.9558732550251007	0.9084604298130419	0.09153957018695816
-500.0	0.0012321777777777776	0.5751076101625442	0.42489238983745564	394.1977815918824	2231696.5546638896	0.9365981591188052	0.029733926369066625	0.9702660736309332	0.6120259995315745	0.3879740004684253
-500.0	0.0012321777777777776	0.5686643790418372	0.4313356209581629	394.43904812794807	1662653.9764811192	0.5968622749903256	0.045288637413167854	0.9547113625868322	0.9221672131903897	0.07783278680961027
-500.0	0.001190222222222222	0.6235544272184677	0.37644557278153246	393.7736169592928	2167333.1778076906	0.8037297204745212	0.03759602409073573	0.9624039759092643	0.7666450914585352	0.23335490854146482
-500.0	0.001190222222222222	0.6177836598810238	0.38221634011897615	394.05819230826427	2214926.072051148	0.8350766722672747	0.03605852672571883	0.963941473274281	0.7326713677668801	0.26732863223311976
-500.0	0.001190222222222222	0.6119347486826411	0.388065251317359	394.2172103909008	2014317.6370740691	0.7230082277958221	0.04055033763262529	0.9594496623673747	0.830837901568032	0.1691620984319681
-500.0	0.001190222222222222	0.6060060955456386	0.39399390445436155	394.3361506816509	2276358.574570423	0.8841139702817898	0.03387306799226847	0.9661269320077318	0.6809989440498728	0.3190010559501272
-500.0	0.001190222222222222	0.5999960585180263	0.40000394148197366	394.5274289463185	1915163.4060441556	0.6767436910785163	0.04255442254264162	0.9574455774573585	0.8662660334879883	0.13373396651201166
-500.0	0.001190222222222222	0.5939029502574202	0.4060970497425797	394.6906748226691	1875051.1487588177	0.6589553527118815	0.04335624317813889	0.9566437568218612	0.8788403238727528	0.12115967612724725
-500.0	0.001190222222222222	0.5877250364516515	0.41227496354834847	394.8117198421826	2294998.610495248	0.9126392417491402	0.03208906722400489	0.9679109327759952	0.6409122952968297	0.3590877047031703
-500.0	0.001190222222222222	0.5814605341729678	0.4185394658270322	395.0297896053203	1803794.7547598493	0.6283528642236257	0.04477086950197189	0.9552291304980282	0.8988923277276997	0.10110767227230026
-500.0	0.001190222222222222	0.5751076101625442	0.42489238983745564	395.2045049234413	1771080.1079807316	0.6146619897679192	0.04541634831849091	0.9545836516815088	0.9071765851017208	0.0928234148982791
-500.0	0.001190222222222222	0.5686643790418372	0.4313356209581629	395.32726205025557	2290790.4446710525	0.9268080753456369	0.030679457418070096	0.9693205425819299	0.6111501459402163	0.3888498540597837
-500.0	0.0011482666666666665	0.6235544272184677	0.37644557278153246	394.5507757324102	2244543.898478241	0.8005190372997987	0.039163911698037686	0.9608360883019625	0.7691784251462327	0.2308215748537674
-500.0	0.0011482666666666665	0.6177836598810238	0.38221634011897615	394.92357968544115	2233587.9729132266	0.795789386342079	0.03890617406156238	0.9610938259384374	0.766331665975103	0.23366833402489698
-500.0	0.0011482666666666665	0.6119347486826411	0.388065251317359	395.2647909505656	2237687.9109176192	0.7999894372355326	0.03827588432194886	0.9617241156780514	0.7553589327469943	0.24464106725300586
-500.0	0.0011482666666666665	0.6060060955456386	0.39399390445436155	395.418869624998	2090312.241150662	0.722283959947342	0.04149999987879145	0.9585000001212084	0.8230570148068295	0.1769429851931707
-500.0	0.0011482666666666665	0.5999960585180263	0.40000394148197366	395.53139827496324	2336925.386507305	0.8706888400246267	0.035161020892030374	0.9648389791079696	0.683883057584289	0.316116942415711
-500.0	0.0011482666666666665	0.5939029502574202	0.4060970497425797	395.67572991724904	2348962.266487221	0.8839920583241678	0.0344170976279763	0.9655829023720236	0.6673253317699118	0.33267466823008807
-500.0	0.0011482666666666665	0.5877250364516515	0.41227496354834847	395.86840045922094	1936736.4555166147	0.6535013730708856	0.04457625849567927	0.9554237415043207	0.875712657496109	0.12428734250389116
-500.0	0.0011482666666666665	0.5814605341729678	0.4185394658270322	395.9835596665909	2358055.947526001	0.901476697641943	0.03320988655798019	0.9667901134420198	0.641379403362004	0.358620596637996
-500.0	0.0011482666666666665	0.5751076101625442	0.42489238983745564	396.14492204935726	2358212.1856063036	0.9075205135675423	0.03268041519974852	0.9673195848002514	0.6303828217607497	0.3696171782392502
-500.0	0.0011482666666666665	0.5686643790418372	0.4313356209581629	396.3615585909685	1825419.678533539	0.6077544029230698	0.04675262803345233	0.9532473719665476	0.9055070006849475	0.09449299931505259
-500.0	0.001106311111111111	0.6235544272184677	0.37644557278153246	395.34298589841734	2327649.566360467	0.7972159334658617	0.04085560325645731	0.9591443967435427	0.771772785792878	0.22822721420712203
-500.0	0.001106311111111111	0.6177836598810238	0.38221634011897615	395.7171457094982	2316127.437168316	0.7924113012057497	0.04058995915828672	0.9594100408417133	0.768991610982872	0.23100838901712792
-500.0	0.001106311111111111	0.6119347486826411	0.388065251317359	396.08534704955173	2304369.942447292	0.7875617655734638	0.04031400244619545	0.9596859975538046	0.7661246895866758	0.2338753104133243
-500.0	0.001106311111111111	0.6060060955456386	0.39399390445436155	396.44136698659497	2292360.988242125	0.7826829093166635	0.04002436471213401	0.959975635287866	0.7631546695857205	0.23684533041427963
-500.0	0.001106311111111111	0.5999960585180263	0.40000394148197366	396.6509449526782	2177759.150501312	0.724427037409653	0.0423584037911844	0.9576415962088157	0.812122128680301	0.18787787131969896
-500.0	0.001106311111111111	0.5939029502574202	0.4060970497425797	396.7563486859647	2399204.1931936285	0.8552386013948646	0.03659720060012847	0.9634027993998715	0.68823494093171	0.3117650590682899
-500.0	0.001106311111111111	0.5877250364516515	0.41227496354834847	396.89098516803017	2413774.4593702676	0.8702160570622247	0.03575618155152252	0.9642438184484774	0.6700456208472405	0.32995437915275955
-500.0	0.001106311111111111	0.5814605341729678	0.4185394658270322	397.0730149358188	2004432.2938990016	0.6485253838598717	0.045821558391056935	0.9541784416089432	0.871755267560485	0.1282447324395151
-500.0	0.001106311111111111	0.5751076101625442	0.42489238983745564	397.1815313066679	2424388.939908151	0.889227018638649	0.034432040424060915	0.965567959575939	0.6424607647044183	0.35753923529558157
-500.0	0.001106311111111111	0.5686643790418372	0.4313356209581629	397.3349623311932	2424569.5071640336	0.8956645116867806	0.03385938635367194	0.9661406136463282	0.6309635316111206	0.3690364683888796
-500.0	0.0010643555555555555	0.6235544272184677	0.37644557278153246	396.1558772094509	2417325.9905744884	0.7937745499984018	0.04269000026159673	0.9573099997384035	0.7744650703467241	0.22553492965327607
-500.0	0.0010643555555555555	0.6177836598810238	0.38221634011897615	396.5258795411666	2405228.775725743	0.7889342154570911	0.042411626467258774	0.9575883735327412	0.7717145545705951	0.22828544542940468
-500.0	0.0010643555555555555	0.6119347486826411	0.388065251317359	396.89519020728926	2392855.669765878	0.7840124651761603	0.04212641359584639	0.9578735864041534	0.768911203884562	0.23108879611543798
-500.0	0.0010643555555555555	0.6060060955456386	0.39399390445436155	397.2635558600777	2380191.9353180192	0.7790038994393871	0.04183424684576978	0.9581657531542304	0.7660563580648241	0.2339436419351761
-500.0	0.0010643555555555555	0.5999960585180263	0.40000394148197366	397.6296635552659	2367263.1087900675	0.7739290517438658	0.041533399400842407	0.9584666005991578	0.7631275272589717	0.2368724727410282
-500.0	0.0010643555555555555	0.5939029502574202	0.4060970497425797	397.9160166274955	2284300.6964275576	0.7328244142029666	0.04296555500211375	0.9570344449978859	0.7947655558993494	0.20523444410065061
-500.0	0.0010643555555555555	0.5877250364516515	0.41227496354834847	398.01378802748303	2462348.518953809	0.8370573660604984	0.03822473418685351	0.9617752658131467	0.6946914526519806	0.30530854734801943
-500.0	0.0010643555555555555	0.5814605341729678	0.4185394658270322	398.1370379820181	2481091.0091105243	0.8545819311873191	0.03724467674230232	0.9627553232576976	0.6740658375578085	0.3259341624421916
-500.0	0.0010643555555555555	0.5751076101625442	0.42489238983745564	398.30666322655276	2079222.1870164277	0.6441837900363576	0.047085075474559084	0.9529149245254406	0.8667619174798253	0.13323808252017458
-500.0	0.0010643555555555555	0.5686643790418372	0.4313356209581629	398.4496676009846	2032457.1332791848	0.6258950418086262	0.04798495676739767	0.9520150432326024	0.8798807020505862	0.12011929794941391
-500.0	0.0010224	0.6235544272184677	0.37644557278153246	396.9907739892483	2514408.6280047004	0.7901873885852991	0.044685381619200985	0.9553146183807989	0.7772572423719228	0.22274275762807727
-500.0	0.0010224	0.6177836598810238	0.38221634011897615	397.3589951485563	2501671.187019172	0.7852918083895717	0.04439517934659758	0.9556048206534024	0.7745549421363	0.22544505786369978
-500.0	0.0010224	0.6119347486826411	0.388065251317359	397.7264868034925	2488644.3459555306	0.7803142693540158	0.04409782154296246	0.9559021784570374	0.7718006836343646	0.22819931636563542
-500.0	0.0010224	0.6060060955456386	0.39399390445436155	398.0932659238262	2475321.861317951	0.7752531220344844	0.04379311190358463	0.9562068880964156	0.7689923631708964	0.23100763682910383
-500.0	0.0010224	0.5999960585180263	0.40000394148197366	398.46224662253366	2461680.1183081837	0.7700865140523646	0.0434831424092044	0.9565168575907954	0.7661459938599181	0.2338540061400819
-500.0	0.0010224	0.5939029502574202	0.4060970497425797	398.8244549240024	2447764.74780296	0.7648746853477406	0.04316077740486179	0.9568392225951381	0.7632031365034251	0.23679686349657478
-500.0	0.0010224	0.5877250364516515	0.41227496354834847	399.17959928016194	2430451.3724880293	0.7579809922626315	0.04290062221207721	0.9570993777879228	0.7616843645500369	0.23831563544996306
-500.0	0.0010224	0.5814605341729678	0.4185394658270322	399.3281220598283	2295642.539501076	0.694743042683216	0.045732718146501095	0.9542672818534991	0.8168492074277679	0.18315079257223224
-500.0	0.0010224	0.5751076101625442	0.42489238983745564	399.41686902319924	2550449.4981903434	0.8365404543193543	0.03892057701587607	0.9610794229841239	0.6798782621799884	0.32012173782001146
-500.0	0.0010224	0.5686643790418372	0.4313356209581629	399.5719067234841	2162541.3095500814	0.6407146977558786	0.04835474771843297	0.9516452522815673	0.860431687963137	0.13956831203686312
-1072.29	0.0014	0.6235544272184677	0.37644557278153246	386.7962350800637	1697022.5741877842	0.732996786328609	0.033704921146936295	0.9662950788530639	0.838414460224092	0.16158553977590806
-1072.29	0.0014	0.6177836598810238	0.38221634011897615	386.9642329045083	1929939.5764205896	0.8919286926872749	0.028063343636853515	0.9719366563631464	0.6892376292934941	0.31076237070650586
-1072.29	0.0014	0.6119347486826411	0.388065251317359	387.16603025937883	1940727.4842744367	0.903616816318424	0.02753080116424549	0.9724691988357547	0.6742694817251199	0.3257305182748802
-1072.29	0.0014	0.6060060955456386	0.39399390445436155	387.41734952219093	1583651.2954532292	0.6718330704169632	0.036102540124211234	0.9638974598757889	0.8843840262792843	0.11561597372071598
-1072.29	0.0014	0.5999960585180263	0.40000394148197366	387.6320024897842	1553944.8779342475	0.6565660086043401	0.036735513602468454	0.9632644863975314	0.8946241912586247	0.10537580874137528
-1072.29	0.0014	0.5939029502574202	0.4060970497425797	387.7983318994454	1953724.974810533	0.9252328057973733	0.026261785205422786	0.9737382147945773	0.6397734997655216	0.3602265002344784
-1072.29	0.0014	0.5877250364516515	0.41227496354834847	388.01572640119275	1954369.9914237969	0.929876411302084	0.025893162257840465	0.9741068377421593	0.6300937499543185	0.3699062500456815
-1072.29	0.0014	0.5814605341729678	0.4185394658270322	388.291968454148	1474813.9005701873	0.6170228287985432	0.03842714915850524	0.9615728508414949	0.9185135246850776	0.08148647531492248
-1072.29	0.0014	0.5751076101625442	0.42489238983745564	388.5161327619168	1450538.8378980015	0.605169671258526	0.038947074658862456	0.9610529253411375	0.9249143677465494	0.0750856322534504
-1072.29	0.0014	0.5686643790418372	0.4313356209581629	388.68162123471546	1949812.0995875602	0.9393889232397502	0.02486052540890348	0.9751394745910966	0.603751589780273	0.3962484102197271
-1072.29	0.0013580444444444444	0.6235544272184677	0.37644557278153246	387.6523455132104	1922857.5442119671	0.8389070237912336	0.03062816806227356	0.9693718319377265	0.7374124031931346	0.26258759680686555
-1072.29	0.0013580444444444444	0.6177836598810238	0.38221634011897615	387.86087144260387	1739817.5176644009	0.7258938121905485	0.034666945525847995	0.9653330544741519	0.8379755074152095	0.16202449258479035
-1072.29	0.0013580444444444444	0.6119347486826411	0.388065251317359	388.0594713636677	1693914.005544422	0.7012583168858527	0.035628559192422894	0.9643714408075773	0.8574458205540822	0.14255417944591772
-1072.29	0.0013580444444444444	0.6060060955456386	0.39399390445436155	388.2229526996334	1989326.0621196795	0.8967721557130743	0.028281460368856527	0.9717185396311435	0.6725082369210349	0.32749176307896527
-1072.29	0.0013580444444444444	0.5999960585180263	0.40000394148197366	388.4260714827186	1995869.4183837457	0.9056329587858193	0.02779950088475438	0.9722004991152456	0.6596189947340231	0.3403810052659769
-1072.29	0.0013580444444444444	0.5939029502574202	0.4060970497425797	388.6813263446755	1590896.4906350365	0.6488939044647877	0.03779571976659679	0.9622042802334031	0.8948036630751484	0.10519633692485163
-1072.29	0.0013580444444444444	0.5877250364516515	0.41227496354834847	388.8953197545184	1561983.8766881789	0.6347601940774035	0.038405684511428964	0.9615943154885712	0.9038023446448429	0.09619765535515709
-1072.29	0.0013580444444444444	0.5814605341729678	0.4185394658270322	389.058184540888	2001645.80952536	0.9227890058422072	0.02657042553551913	0.9734295744644809	0.6278889340184132	0.3721110659815868
-1072.29	0.0013580444444444444	0.5751076101625442	0.42489238983745564	389.27460187978147	2000622.1900716948	0.9265168839811353	0.026199893442187004	0.9738001065578127	0.6186421103198381	0.3813578896801619
-1072.29	0.0013580444444444444	0.5686643790418372	0.4313356209581629	389.5513328461058	1482972.8695402679	0.5970906782378274	0.040073247715188984	0.9599267522848111	0.9253510632836057	0.07464893671639429
-1072.29	0.001316088888888889	0.6235544272184677	0.37644557278153246	388.4283755303641	1925141.5807375205	0.7985609320504297	0.03295956410247698	0.967040435897523	0.7725335144578322	0.2274664855421679
-1072.29	0.001316088888888889	0.6177836598810238	0.38221634011897615	388.7427984354644	1970055.7410972072	0.8294640661832008	0.03158960867739797	0.968410391322602	0.738303829464577	0.261696170535423
-1072.29	0.001316088888888889	0.6119347486826411	0.388065251317359	388.9188305047447	2010535.201690024	0.860452951256772	0.030405336572730465	0.9695946634272699	0.7062463703683988	0.29375362963160134
-1072.29	0.001316088888888889	0.6060060955456386	0.39399390445436155	389.1395548681754	1738372.4562133113	0.6943417882319891	0.03664423047215178	0.9633557695278483	0.8566465329740072	0.14335346702599297
-1072.29	0.001316088888888889	0.5999960585180263	0.40000394148197366	389.3385223598055	1698331.3931167466	0.6742212019102276	0.037478073198182325	0.9625219268018175	0.8718006719626501	0.12819932803734996
-1072.29	0.001316088888888889	0.5939029502574202	0.4060970497425797	389.4978783451703	2046301.2982684493	0.8980574127461146	0.02858331042164607	0.9714166895783538	0.6580749574056823	0.3419250425943176
-1072.29	0.001316088888888889	0.5877250364516515	0.41227496354834847	389.701106815303	2049812.8404492966	0.9050342409444813	0.028124990763636715	0.9718750092363632	0.6464441883931363	0.35355581160686367
-1072.29	0.001316088888888889	0.5814605341729678	0.4185394658270322	389.9586101137377	1600257.896866691	0.6270423848617694	0.03952159886221395	0.960478401137786	0.9037995940893205	0.09620040591067955
-1072.29	0.001316088888888889	0.5751076101625442	0.42489238983745564	390.1712149383839	1571573.4669316756	0.6136950342960352	0.040118780381494974	0.959881219618505	0.9118690796074463	0.08813092039255349
-1072.29	0.001316088888888889	0.5686643790418372	0.4313356209581629	390.33040729851507	2049529.1053204534	0.9187921806271387	0.026904477332671043	0.973095522667329	0.6165480475896337	0.3834519524103664
-1072.29	0.0012741333333333334	0.6235544272184677	0.37644557278153246	389.11733795489454	1986950.9252064885	0.7957985228437414	0.034186918696555414	0.9658130813034445	0.7747858160353448	0.22521418396465545
-1072.29	0.0012741333333333334	0.6177836598810238	0.38221634011897615	389.5238829755249	1977683.921750518	0.7912484753151553	0.033964480579720596	0.9660355194202794	0.7718100468144831	0.22818995318551688
-1072.29	0.0012741333333333334	0.6119347486826411	0.388065251317359	389.8678219976142	1915547.3107984741	0.755507785633606	0.03499008397318512	0.9650099160268149	0.7986415984649937	0.20135840153500623
-1072.29	0.0012741333333333334	0.6060060955456386	0.39399390445436155	390.0255359891301	2061909.6276810288	0.851119809487809	0.03136262736464929	0.9686373726353508	0.7065242929435541	0.293475707056446
-1072.29	0.0012741333333333334	0.5999960585180263	0.40000394148197366	390.20676954194545	2081515.6958204072	0.8686358618003643	0.03057928753516041	0.9694207124648396	0.6861091775890586	0.31389082241094146
-1072.29	0.0012741333333333334	0.5939029502574202	0.4060970497425797	390.4341113227634	1744438.2781603183	0.6672970069109309	0.03855305881256526	0.9614469411874348	0.8707910063731208	0.12920899362687904
-1072.29	0.0012741333333333334	0.5877250364516515	0.41227496354834847	390.6325565782538	1707160.9449891264	0.6496498620076258	0.03932184472378348	0.9606781552762165	0.8834737853293382	0.11652621467066189
-1072.29	0.0012741333333333334	0.5814605341729678	0.4185394658270322	390.78776889373233	2102245.666488787	0.8967738171313315	0.02894315375405479	0.971056846245945	0.6450599157112089	0.3549400842887912
-1072.29	0.0012741333333333334	0.5751076101625442	0.42489238983745564	390.990100478984	2103322.004486492	0.9023681159277791	0.028493559172234	0.971506440827766	0.6342486178251024	0.36575138217489744
-1072.29	0.0012741333333333334	0.5686643790418372	0.4313356209581629	391.24842578750963	1611181.3542234835	0.6058680893974224	0.041295542024443965	0.9587044579755564	0.9117306189764218	0.08826938102357819
-1072.29	0.0012321777777777776	0.6235544272184677	0.37644557278153246	389.82435726671383	2052982.3569055074	0.7929426254596957	0.03550388027614511	0.9644961197238552	0.7771092979460676	0.22289070205393252
-1072.29	0.0012321777777777776	0.6177836598810238	0.38221634011897615	390.2286089205668	2043281.4878397612	0.7883442941004788	0.03527333931163887	0.9647266606883609	0.7741767916846205	0.2258232083153795
-1072.29	0.0012321777777777776	0.6119347486826411	0.388065251317359	390.63192378048893	2033383.8473139005	0.7836889460609515	0.0350361886452407	0.964963811354759	0.7711682509093063	0.22883174909069368
-1072.29	0.0012321777777777776	0.6060060955456386	0.39399390445436155	391.00068113170903	1986162.0207340268	0.757400052714584	0.03566376073703208	0.9643362392629681	0.7886902924417142	0.21130970755828607
-1072.29	0.0012321777777777776	0.5999960585180263	0.40000394148197366	391.17970594752086	1894471.1212213165	0.7088422711055788	0.0376011823461084	0.9623988176538917	0.8310003616794072	0.16899963832059287
-1072.29	0.0012321777777777776	0.5939029502574202	0.4060970497425797	391.3299927088573	2135918.240967205	0.8588270955491223	0.03156578667688173	0.9684342133231182	0.6863392172019023	0.3136607827980976
-1072.29	0.0012321777777777776	0.5877250364516515	0.41227496354834847	391.5125681825381	2147539.5773988664	0.8713453948698617	0.030903932036882072	0.9690960679631181	0.6699399649270684	0.33006003507293147
-1072.29	0.0012321777777777776	0.5814605341729678	0.4185394658270322	391.74370840392754	1754987.511420956	0.6426244455812917	0.040460952600125784	0.9595390473998742	0.8823205881816449	0.11767941181835505
-1072.29	0.0012321777777777776	0.5751076101625442	0.42489238983745564	391.9407190262972	1719013.2316304168	0.6265346642405474	0.041193025661900716	0.9588069743380992	0.8933638870264939	0.1066361129735058
-1072.29	0.0012321777777777776	0.5686643790418372	0.4313356209581629	392.091591863802	2157904.144934865	0.8934338853219649	0.029347926248103	0.9706520737518971	0.6329924282689569	0.3670075717310432
-1072.29	0.001190222222222222	0.6235544272184677	0.37644557278153246	390.54786387451423	2123657.1675439086	0.7899763575573958	0.03691984239303236	0.9630801576069679	0.7795174900483464	0.22048250995165386
-1072.29	0.001190222222222222	0.6177836598810238	0.38221634011897615	390.9515605943709	2113522.383765965	0.7853406776711362	0.03668080964269045	0.9633191903573094	0.7766180964282757	0.2233819035717243
-1072.29	0.001190222222222222	0.6119347486826411	0.388065251317359	391.3547057616756	2103127.3281548363	0.7806141923531026	0.03643639455092436	0.9635636054490755	0.7736742769380232	0.2263257230619769
-1072.29	0.001190222222222222	0.6060060955456386	0.39399390445436155	391.7558300959348	2092523.3059993417	0.7758335249485981	0.03618435094403005	0.9638156490559702	0.770648287185199	0.22935171281480116
-1072.29	0.001190222222222222	0.5999960585180263	0.40000394148197366	392.1344997715779	2087207.6881914674	0.7742787805910646	0.03578925675023641	0.9642107432497636	0.7644761533962854	0.23552384660371456
-1072.29	0.001190222222222222	0.5939029502574202	0.4060970497425797	392.331874900845	1957402.9580396223	0.7051538627309041	0.038568858795515346	0.9614311412044845	0.8261049141341609	0.17389508586583916
-1072.29	0.001190222222222222	0.5877250364516515	0.41227496354834847	392.5077298422952	1897165.4327237634	0.6764197507501791	0.03980390500933526	0.9601960949906646	0.8498351479389625	0.15016485206103752
-1072.29	0.001190222222222222	0.5814605341729678	0.4185394658270322	392.65242208697975	2204905.1335074673	0.8609736772161207	0.03192877835311192	0.9680712216468882	0.6701965562911278	0.3298034437088722
-1072.29	0.001190222222222222	0.5751076101625442	0.42489238983745564	392.8763595409426	1806863.1371856823	0.6358307249751253	0.04163332335695288	0.9583666766430469	0.8806526815775888	0.11934731842241098
-1072.29	0.001190222222222222	0.5686643790418372	0.4313356209581629	393.0674744537555	1768658.355665741	0.6193478049149782	0.04240140833264975	0.9575985916673502	0.8921064795913279	0.10789352040867221
-1072.29	0.0011482666666666665	0.6235544272184677	0.37644557278153246	391.2892286123465	2199510.2481654845	0.7868997576522643	0.03844601626824052	0.9615539837317598	0.7820075757429991	0.21799242425700108
-1072.29	0.0011482666666666665	0.6177836598810238	0.38221634011897615	391.69183226442937	2188889.5320121907	0.7822166796629447	0.038198074206018076	0.9618019257939822	0.7791508060305911	0.22084919396940897
-1072.29	0.0011482666666666665	0.6119347486826411	0.388065251317359	392.093584653174	2178016.3363674786	0.7774540007791775	0.037943906415185594	0.9620560935848143	0.7762394733454377	0.2237605266545624
-1072.29	0.0011482666666666665	0.6060060955456386	0.39399390445436155	392.50382626604465	2166847.6973040495	0.772555188051058	0.037689282796778044	0.9623107172032219	0.7733219230778766	0.22667807692212347
-1072.29	0.0011482666666666665	0.5999960585180263	0.40000394148197366	392.8940059291455	2155491.5718383146	0.7676858988534397	0.03741595669228135	0.9625840433077187	0.7702418463770782	0.2297581536229217
-1072.29	0.0011482666666666665	0.5939029502574202	0.4060970497425797	393.2815069413036	2143897.9597859466	0.7627560535157969	0.037134368955375446	0.9628656310446246	0.7670775516226421	0.23292244837735773
-1072.29	0.0011482666666666665	0.5877250364516515	0.41227496354834847	393.50960664623324	2028316.6009578195	0.7031369957502532	0.039499479170257375	0.9605005208297425	0.81918474760992	0.18081525239007992
-1072.29	0.0011482666666666665	0.5814605341729678	0.4185394658270322	393.67760853419765	1960909.2131334245	0.6717615183576513	0.04087861051958199	0.9591213894804181	0.8456015797289846	0.1543984202710153
-1072.29	0.0011482666666666665	0.5751076101625442	0.42489238983745564	393.8161978848833	2264805.86537211	0.8494553499741442	0.033047546809436244	0.9669524531905637	0.6711741574307093	0.3288258425692905
-1072.29	0.0011482666666666665	0.5686643790418372	0.4313356209581629	393.9912317254146	2272050.5008613393	0.8596227379274163	0.03238968533446605	0.9676103146655339	0.6562385786296228	0.3437614213703774
-1072.29	0.001106311111111111	0.6235544272184677	0.37644557278153246	392.04933286068973	2281141.736010396	0.7837043241877587	0.04009547010771784	0.9599045298922824	0.7845840981568921	0.21541590184310794
-1072.29	0.001106311111111111	0.6177836598810238	0.38221634011897615	392.45076585378854	2269995.863013411	0.7789720815858358	0.03983794446310065	0.9601620555368992	0.7817717429650162	0.21822825703498375
-1072.29	0.001106311111111111	0.6119347486826411	0.388065251317359	392.8512968113726	2258585.7389979307	0.7741596378820519	0.03957391175099221	0.9604260882490079	0.7789057096441442	0.2210942903558559
-1072.29	0.001106311111111111	0.6060060955456386	0.39399390445436155	393.25096888049285	2246906.013263907	0.7692654290173975	0.03930322550939568	0.9606967744906045	0.7759837634091775	0.22401623659082262
-1072.29	0.001106311111111111	0.5999960585180263	0.40000394148197366	393.6497846943032	2234950.3643195373	0.7642875573368312	0.03902572873064798	0.9609742712693519	0.7730038295152348	0.22699617048476523
-1072.29	0.001106311111111111	0.5939029502574202	0.4060970497425797	394.04722391877203	2222695.722636461	0.759216857813027	0.03874136411519238	0.9612586358848075	0.7699706307326467	0.23002936926735318
-1072.29	0.001106311111111111	0.5877250364516515	0.41227496354834847	394.438996508669	2210206.89369061	0.7541058708279266	0.03844594748596026	0.9615540525140397	0.7668305287684827	0.23316947123151735
-1072.29	0.001106311111111111	0.5814605341729678	0.4185394658270322	394.6979387604629	2274719.6566075264	0.7940162071221617	0.03644919065981975	0.9635508093401803	0.7228474513307086	0.2771525486692914
-1072.29	0.001106311111111111	0.5751076101625442	0.42489238983745564	394.87388220414425	2031843.0816487407	0.6681269780222628	0.041946352280234994	0.9580536477197648	0.8399402597565225	0.16005974024347738
-1072.29	0.001106311111111111	0.5686643790418372	0.4313356209581629	395.039720449243	1974175.0638861738	0.6433742734208732	0.04310247018159477	0.9568975298184054	0.8599860954247789	0.14001390457522123
-1072.29	0.0010643555555555555	0.6235544272184677	0.37644557278153246	392.82915351897645	2369249.308293223	0.7803805034052255	0.04188340557309409	0.9581165944269061	0.7872518753224356	0.21274812467756468
-1072.29	0.0010643555555555555	0.6177836598810238	0.38221634011897615	393.2292929230978	2357533.8487590984	0.7755970352091905	0.041615547850780005	0.9583844521492199	0.7844859894259497	0.21551401057405037
-1072.29	0.0010643555555555555	0.6119347486826411	0.388065251317359	393.628516450824	2345541.935065488	0.7707329062830085	0.04134089586786511	0.958659104132135	0.7816672114608538	0.21833278853914612
-1072.29	0.0010643555555555555	0.6060060955456386	0.39399390445436155	394.0268322440407	2333267.4640616262	0.7657864158046507	0.04105927444705938	0.9589407255529407	0.7787934643451145	0.2212065356548856
-1072.29	0.0010643555555555555	0.5999960585180263	0.40000394148197366	394.4242661108278	2320704.4011959396	0.760755886345805	0.04077052555043726	0.9592294744495629	0.7758624821224177	0.22413751787758227
-1072.29	0.0010643555555555555	0.5939029502574202	0.4060970497425797	394.8208342290208	2307846.3739029323	0.7556395528251336	0.040474479487975695	0.9595255205120244	0.7728719151440686	0.22712808485593147
-1072.29	0.0010643555555555555	0.5877250364516515	0.41227496354834847	395.21663627838365	2294666.8670647917	0.7504246735148005	0.04017148136285446	0.9598285186371456	0.7698297327689468	0.23017026723105316
-1072.29	0.0010643555555555555	0.5814605341729678	0.4185394658270322	395.611159618238	2281200.4301021756	0.745133329562577	0.03986006558384627	0.9601399344161539	0.7667104789280763	0.23328952107192366
-1072.29	0.0010643555555555555	0.5751076101625442	0.42489238983745564	395.93851201514326	2317371.169438647	0.7674201934137259	0.038405176079705984	0.961594823920294	0.7377644562876157	0.26223554371238417
-1072.29	0.0010643555555555555	0.5686643790418372	0.4313356209581629	396.07398566166574	2372446.4253604542	0.8043416281106941	0.036640317479213716	0.9633596825207863	0.6980807340498278	0.30191926595017227
-1072.29	0.0010224	0.6235544272184677	0.37644557278153246	393.6297192574737	2464648.2053901637	0.7769173287425394	0.043827598393094996	0.9561724016069051	0.7900161661827662	0.20998383381723382
-1072.29	0.0010224	0.6177836598810238	0.38221634011897615	394.02845939162864	2452313.621763819	0.7720805023816425	0.043548592533841204	0.9564514074661586	0.7872988434154984	0.21270115658450142
-1072.29	0.0010224	0.6119347486826411	0.388065251317359	394.4262447876473	2439688.9679403706	0.7671624561596602	0.04326245528606133	0.9567375447139387	0.7845295608783988	0.21547043912160138
-1072.29	0.0010224	0.6060060955456386	0.39399390445436155	394.82308891058824	2426767.925470453	0.7621615076873323	0.042969018188654416	0.9570309818113456	0.7817062434067553	0.21829375659324485
-1072.29	0.0010224	0.5999960585180263	0.40000394148197366	395.21902823692255	2413544.324172325	0.7570760233811501	0.04266811325277886	0.9573318867472211	0.7788266073181239	0.22117339268187605
-1072.29	0.0010224	0.5939029502574202	0.4060970497425797	395.61407313913406	2400011.4151704633	0.7519042253744125	0.04235956000523021	0.9576404399947696	0.7758883415166623	0.22411165848333758
-1072.29	0.0010224	0.5877250364516515	0.41227496354834847	396.00823799980117	2386162.3042011294	0.74664430727477	0.042043172353409694	0.9579568276465903	0.7728889831116337	0.22711101688836632
-1072.29	0.0010224	0.5814605341729678	0.4185394658270322	396.4286786239152	2371874.1482649497	0.7411365603501389	0.04173789716268602	0.958262102837314	0.7699743192807609	0.23002568071923918
-1072.29	0.0010224	0.5751076101625442	0.42489238983745564	396.79346341401447	2357468.253062573	0.7358449444662086	0.0413862788930226	0.9586137211069772	0.7667039362110191	0.23329606378898096
-1072.29	0.0010224	0.5686643790418372	0.4313356209581629	397.1778401213873	2340552.0119474716	0.7292690564210995	0.04109015285129782	0.9589098471487022	0.764518936158818	0.23548106384118195
-1644.58	0.0014	0.6235544272184677	0.37644557278153246	383.927989242432	1775253.0723593205	0.7901951362210361	0.030216997255979386	0.9697830027440207	0.7810915632524447	0.21890843674755536
-1644.58	0.0014	0.6177836598810238	0.38221634011897615	384.36403895674766	1767368.0822216903	0.7858329777912201	0.030020404832114232	0.9699795951678858	0.7779697422358015	0.22203025776419835
-1644.58	0.0014	0.6119347486826411	0.388065251317359	384.78181905613644	1761462.3812859268	0.7828786819792471	0.029763820692667153	0.9702361793073329	0.7733923564935773	0.22660764350642265
-1644.58	0.0014	0.6060060955456386	0.39399390445436155	385.0379846528834	1656005.1366825593	0.7186422989150697	0.031988632009520214	0.9680113679904798	0.8307413138412316	0.16925868615876846
-1644.58	0.0014	0.5999960585180263	0.40000394148197366	385.2647112603214	1605266.2185700894	0.690312402905274	0.03306093195010173	0.9669390680498985	0.8543342050100969	0.14566579498990287
-1644.58	0.0014	0.5939029502574202	0.4060970497425797	385.4957582432593	1565313.9546154235	0.6688326239603734	0.033910386876891234	0.9660896131231089	0.8711789998590641	0.1288210001409358
-1644.58	0.0014	0.5877250364516515	0.41227496354834847	385.68783010445355	1879470.1317869022	0.8782392734483933	0.0260766644020302	0.97392333559797	0.6655930115181383	0.33440698848186157
-1644.58	0.0014	0.5814605341729678	0.4185394658270322	385.92194391383504	1884264.383405435	0.8856421199644666	0.025639902821928316	0.9743600971780717	0.6532304597992092	0.3467695402007907
-1644.58	0.0014	0.5751076101625442	0.42489238983745564	386.159337415293	1886800.8704552718	0.8914950100044625	0.025236921419579488	0.9747630785804204	0.6420330701049347	0.35796692989506507
-1644.58	0.0014	0.5686643790418372	0.4313356209581629	386.4521576826749	1443678.0729177722	0.6067106997459385	0.03652080156273695	0.9634791984372633	0.913616883273405	0.08638311672659513
-1644.58	0.0013580444444444444	0.6235544272184677	0.37644557278153246	384.56119071502894	1828799.7460836498	0.7877071561128307	0.03126579500546971	0.9687342049945302	0.783180548625099	0.21681945137490116
-1644.58	0.0013580444444444444	0.6177836598810238	0.38221634011897615	384.9982487097502	1820536.3252121762	0.7832692500399554	0.031064819544482307	0.9689351804555175	0.780128874218673	0.21987112578132695
-1644.58	0.0013580444444444444	0.6119347486826411	0.388065251317359	385.4330132722942	1812092.4626219613	0.7787761930490579	0.03085757795326825	0.969142422046732	0.7769989930552689	0.22300100694473124
-1644.58	0.0013580444444444444	0.6060060955456386	0.39399390445436155	385.8559816096035	1794569.13135537	0.7686213912729685	0.030839782002071273	0.969160217997929	0.7791487935311331	0.22085120646886708
-1644.58	0.0013580444444444444	0.5999960585180263	0.40000394148197366	386.0668194200213	1882799.5091111162	0.8298807367089096	0.02864307598895111	0.9713569240110488	0.7171190909822764	0.2828809090177235
-1644.58	0.0013580444444444444	0.5939029502574202	0.4060970497425797	386.28131677572185	1905794.5659961517	0.849476027931468	0.027850000317842887	0.9721499996821571	0.6942054139225738	0.3057945860774261
-1644.58	0.0013580444444444444	0.5877250364516515	0.41227496354834847	386.54089249243737	1601166.8593462987	0.6603845536074744	0.03492057112601515	0.9650794288739848	0.8720153552269431	0.12798464477305704
-1644.58	0.0013580444444444444	0.5814605341729678	0.4185394658270322	386.77221465877744	1565496.8550358796	0.6423414386279802	0.03567630412598048	0.9643236958740196	0.8853556136420602	0.1146443863579401
-1644.58	0.0013580444444444444	0.5751076101625442	0.42489238983745564	387.0067845406777	1533233.0674994704	0.6263548975101705	0.03636131785144619	0.9636386821485536	0.8964907659529516	0.10350923404704808
-1644.58	0.0013580444444444444	0.5686643790418372	0.4313356209581629	387.194218047433	1932569.79953616	0.8846963689570977	0.025872899762077056	0.974127100237923	0.6394071001110808	0.36059289988891924
-1644.58	0.001316088888888889	0.6235544272184677	0.37644557278153246	385.20868839730974	1885732.1223828504	0.7851228840599934	0.0323862345117559	0.9676137654882445	0.7853488658513094	0.21465113414869078
-1644.58	0.001316088888888889	0.6177836598810238	0.38221634011897615	385.6449784084686	1877141.1692628264	0.7806613358298667	0.032178097566927646	0.9678219024330723	0.7823184406794499	0.21768155932055017
-1644.58	0.001316088888888889	0.6119347486826411	0.388065251317359	386.08094205158665	1868310.0013642365	0.7761047451760833	0.031965553246408394	0.9680344467535917	0.7792476682457811	0.22075233175421893
-1644.58	0.001316088888888889	0.6060060955456386	0.39399390445436155	386.5137143050792	1859313.258933585	0.7715106139664523	0.03174538151135511	0.968254618488645	0.7760782573507717	0.22392174264922837
-1644.58	0.001316088888888889	0.5999960585180263	0.40000394148197366	386.93403050328357	1838812.6261078948	0.759919691478156	0.031770211001433825	0.9682297889985662	0.7795148133439646	0.22048518665603528
-1644.58	0.001316088888888889	0.5939029502574202	0.4060970497425797	387.1615418200211	1735982.5139351937	0.7014995975481493	0.03394551306124436	0.9660544869387554	0.8321746769172389	0.1678253230827611
-1644.58	0.001316088888888889	0.5877250364516515	0.41227496354834847	387.3480703741177	1954975.4646690364	0.8425563385245532	0.02861113579953245	0.9713888642004677	0.6922034382813038	0.30779656171869624
-1644.58	0.001316088888888889	0.5814605341729678	0.4185394658270322	387.56548791295586	1967522.2612896631	0.8552998077503885	0.027990360275325386	0.9720096397246745	0.6750969875448684	0.3249030124551316
-1644.58	0.001316088888888889	0.5751076101625442	0.42489238983745564	387.78821957364187	1974786.120436399	0.8646038370648128	0.027463107738361938	0.972536892261638	0.6608682338170813	0.33913176618291857
-1644.58	0.001316088888888889	0.5686643790418372	0.4313356209581629	388.06160009458125	1569203.3892605975	0.618014895266162	0.03744197413565082	0.9625580258643491	0.8970044361009138	0.10299556389908639
-1644.58	0.0012741333333333334	0.6235544272184677	0.37644557278153246	385.87083473432904	1946414.3834826786	0.7824529904083647	0.03358497727604553	0.9664150227239545	0.7875848433057162	0.21241515669428393
-1644.58	0.0012741333333333334	0.6177836598810238	0.38221634011897615	386.30658644118716	1937446.5380271398	0.7779500222614781	0.033369930972449904	0.9666300690275499	0.7845926473234311	0.21540735267656877
-1644.58	0.0012741333333333334	0.6119347486826411	0.388065251317359	386.74134393268673	1928255.6503269954	0.7733697550712196	0.03314940203924221	0.966850597960758	0.7815434824233382	0.21845651757666198
-1644.58	0.0012741333333333334	0.6060060955456386	0.39399390445436155	387.1770836482557	1918806.957269147	0.7686857062627194	0.032924856734898644	0.9670751432651012	0.7784587389726851	0.22154126102731508
-1644.58	0.0012741333333333334	0.5999960585180263	0.40000394148197366	387.6069675593695	1909186.4556903117	0.7639746841112716	0.03269089188941913	0.9673091081105807	0.7752615273137471	0.22473847268625285
-1644.58	0.0012741333333333334	0.5939029502574202	0.4060970497425797	388.0175548911929	1904718.5798091746	0.7625120190608593	0.03232304695223131	0.9676769530477686	0.7688096717753437	0.23119032822465638
-1644.58	0.0012741333333333334	0.5877250364516515	0.41227496354834847	388.2520309521226	1782156.0155736418	0.6940569200647662	0.0349352244773118	0.9650647755226881	0.8313970073563817	0.16860299264361836
-1644.58	0.0012741333333333334	0.5814605341729678	0.4185394658270322	388.4657873115567	1726231.898099031	0.6658081257943899	0.036099608228296436	0.9639003917717037	0.8551958385333707	0.1448041614666293
-1644.58	0.0012741333333333334	0.5751076101625442	0.42489238983745564	388.68448085808456	1681675.3203839352	0.6442031190600084	0.03702594950940248	0.9629740504905974	0.8722930333420387	0.1277069666579611
-1644.58	0.0012741333333333334	0.5686643790418372	0.4313356209581629	388.8649838558013	2025489.6751503772	0.8567299588250408	0.028234111699809144	0.9717658883001911	0.6590399587174612	0.34096004128253893
-1644.58	0.0012321777777777776	0.6235544272184677	0.37644557278153246	386.5482987691751	2011235.3922442333	0.7796916944311348	0.03487033083215745	0.9651296691678424	0.789891963858293	0.21010803614170698
-1644.58	0.0012321777777777776	0.6177836598810238	0.38221634011897615	386.98346744409105	2001863.1184656906	0.7751459541789254	0.034647922994853975	0.9653520770051459	0.7869394543411762	0.21306054565882382
-1644.58	0.0012321777777777776	0.6119347486826411	0.388065251317359	387.4175929675334	1992258.3202023115	0.7705223443651011	0.034419808789341005	0.9655801912106589	0.7839307660207808	0.21606923397921923
-1644.58	0.0012321777777777776	0.6060060955456386	0.39399390445436155	387.8506765363199	1982415.7447672044	0.7658191258035354	0.034185851811970196	0.96581414818803	0.7808637871974129	0.21913621280258733
-1644.58	0.0012321777777777776	0.5999960585180263	0.40000394148197366	388.28934921640104	1972290.439955301	0.7609885487181779	0.033950016232299964	0.9660499837676999	0.7777799243684788	0.2222200756315211
-1644.58	0.0012321777777777776	0.5939029502574202	0.4060970497425797	388.7130441132311	1961972.8319118437	0.7561556491790427	0.03370003503072298	0.9662999649692768	0.7745566507749932	0.22544334922500667
-1644.58	0.0012321777777777776	0.5877250364516515	0.41227496354834847	389.12532342219737	1953743.8224382487	0.752651918395025	0.033386348604516614	0.9666136513954835	0.7699003656407337	0.2300996343592662
-1644.58	0.0012321777777777776	0.5814605341729678	0.4185394658270322	389.340262627419	2034302.1560315285	0.8056155611091146	0.03125059344682484	0.9687494065531753	0.7142189561341752	0.285781043865825
-1644.58	0.0012321777777777776	0.5751076101625442	0.42489238983745564	389.5399260639698	2058833.396034758	0.8257760832871717	0.030334126560025893	0.9696658734399739	0.6900450271638983	0.3099549728361016
-1644.58	0.0012321777777777776	0.5686643790418372	0.4313356209581629	389.7846520858681	1726999.4219633394	0.6364859476693489	0.03812242255259578	0.9618775774474043	0.8716710003836576	0.1283289996163424
-1644.58	0.001190222222222222	0.6235544272184677	0.37644557278153246	387.24182046443383	2080640.3880404988	0.7768326225264149	0.036251840663767944	0.9637481593362321	0.7922738839253839	0.20772611607461638
-1644.58	0.001190222222222222	0.6177836598810238	0.38221634011897615	387.6763311511548	2070832.8897612358	0.7722425756974506	0.03602155750016304	0.9639784424998368	0.7893626975628468	0.21063730243715323
-1644.58	0.001190222222222222	0.6119347486826411	0.388065251317359	388.10973540006745	2060782.5260111503	0.7675740378379933	0.035785327323709155	0.9642146726762909	0.786396203874143	0.21360379612585714
-1644.58	0.001190222222222222	0.6060060955456386	0.39399390445436155	388.5421040636601	2050484.7231567253	0.7628255395067791	0.03554302165859786	0.9644569783414021	0.7833720393601887	0.2166279606398114
-1644.58	0.001190222222222222	0.5999960585180263	0.40000394148197366	388.97343481025933	2039933.808255888	0.7579952832025866	0.03529448652669719	0.9647055134733029	0.7802880036438788	0.2197119963561212
-1644.58	0.001190222222222222	0.5939029502574202	0.4060970497425797	389.42597032380013	2029039.9935250466	0.7529572517644424	0.03505263355737034	0.9649473664426297	0.7772598643005074	0.2227401356994925
-1644.58	0.001190222222222222	0.5877250364516515	0.41227496354834847	389.83223718884557	2018025.4430510048	0.7480710147404488	0.0347783276051967	0.9652216723948035	0.7739417197843546	0.2260582802156455
-1644.58	0.001190222222222222	0.5814605341729678	0.4185394658270322	390.2554418157013	2005751.055453858	0.742470882839939	0.03452889568415271	0.9654711043158474	0.7711660502575557	0.22883394974244436
-1644.58	0.001190222222222222	0.5751076101625442	0.42489238983745564	390.4957971343142	1889826.767901838	0.6818158201102607	0.03691553259758544	0.9630844674024143	0.8262666472108022	0.17373335278919766
-1644.58	0.001190222222222222	0.5686643790418372	0.4313356209581629	390.6671652072371	2113743.0730905384	0.8157484134042651	0.03131368355782798	0.9686863164421723	0.690034787582472	0.30996521241752817
-1644.58	0.0011482666666666665	0.6235544272184677	0.37644557278153246	387.95215780459245	2155140.862668864	0.7738685161802553	0.037740428293857514	0.9622595717061426	0.794734654930877	0.20526534506912317
-1644.58	0.0011482666666666665	0.6177836598810238	0.38221634011897615	388.38591033874	2144863.6661781385	0.7692324366687399	0.037501721346277196	0.962498278653723	0.7918666062277994	0.20813339377220075
-1644.58	0.0011482666666666665	0.6119347486826411	0.388065251317359	388.81856878649495	2134333.4882214256	0.764517540201555	0.037256806619513416	0.9627431933804865	0.7889438665548831	0.211056133445117
-1644.58	0.0011482666666666665	0.6060060955456386	0.39399390445436155	389.250106490492	2123544.2584199663	0.7597219704251069	0.03700555190199456	0.9629944480980059	0.7859644681819283	0.2140355318180717
-1644.58	0.0011482666666666665	0.5999960585180263	0.40000394148197366	389.68060942711935	2112491.2322953325	0.7548442738069053	0.03674781168127104	0.9632521883187289	0.7829258862609801	0.21707411373902
-1644.58	0.0011482666666666665	0.5939029502574202	0.4060970497425797	390.11004702261374	2101167.956647177	0.7498824975550946	0.03648342458014897	0.963516575419851	0.7798259182303853	0.22017408176961456
-1644.58	0.0011482666666666665	0.5877250364516515	0.41227496354834847	390.60093497306184	2089365.7295969613	0.7445081925113025	0.03624929953265747	0.9637507004673427	0.7769741733030988	0.22302582669690113
-1644.58	0.0011482666666666665	0.5814605341729678	0.4185394658270322	390.965085228717	2077662.216673917	0.7396883412042167	0.03593425966104723	0.9640657403389529	0.7734425373010609	0.22655746269893917
-1644.58	0.0011482666666666665	0.5751076101625442	0.42489238983745564	391.38145106670123	2065555.9909170654	0.7345327639513826	0.035642448641183475	0.9643575513588163	0.7700755304540826	0.22992446954591714
-1644.58	0.0011482666666666665	0.5686643790418372	0.4313356209581629	391.65168952254777	1953362.376860868	0.6774935099500664	0.03788217293655543	0.9621178270634447	0.8213320485588359	0.17866795144116424
-1644.58	0.001106311111111111	0.6235544272184677	0.37644557278153246	388.68015076175277	2235328.3050610553	0.7707912979909445	0.03934880842442722	0.960651191575573	0.7972785104290597	0.2027214895709404
-1644.58	0.001106311111111111	0.6177836598810238	0.38221634011897615	389.11306764744165	2224543.387642622	0.7661074596202488	0.039101033918670966	0.960898966081329	0.7944554149466269	0.205544585053373
-1644.58	0.001106311111111111	0.6119347486826411	0.388065251317359	389.54485454900555	2213493.898863151	0.7613442758551954	0.03884679230230234	0.9611532076976977	0.7915784730345257	0.2084215269654744
-1644.58	0.001106311111111111	0.6060060955456386	0.39399390445436155	389.97551055240297	2202173.863790484	0.7564999972962105	0.03858592739386595	0.9614140726061343	0.7886456368185536	0.21135436318144654
-1644.58	0.001106311111111111	0.5999960585180263	0.40000394148197366	390.4050855998187	2190577.8207318825	0.7515730256749729	0.03831828943902601	0.9616817105609738	0.7856545427253498	0.21434545727465004
-1644.58	0.001106311111111111	0.5939029502574202	0.4060970497425797	390.8335753662403	2178699.398824595	0.7465615131353734	0.03804371136564688	0.961956288634353	0.7826029059018107	0.21739709409818916
-1644.58	0.001106311111111111	0.5877250364516515	0.41227496354834847	391.26102113816466	2166532.658236836	0.7414637421372623	0.03776202982697789	0.9622379701730223	0.7794881256161131	0.22051187438388695
-1644.58	0.001106311111111111	0.5814605341729678	0.4185394658270322	391.68745044491016	2154071.203852446	0.7362778554697577	0.037473071827326114	0.9625269281726738	0.7763075462100556	0.22369245378994446
-1644.58	0.001106311111111111	0.5751076101625442	0.42489238983745564	392.112156172688	2141281.1711324756	0.7309897341532402	0.037176942163426305	0.9628230578365736	0.7730705434904587	0.22692945650954122
-1644.58	0.001106311111111111	0.5686643790418372	0.4313356209581629	392.533301586711	2128252.530764778	0.7256558479169332	0.0368702114663434	0.9631297885336565	0.7697164623469248	0.23028353765307535
-1644.58	0.0010643555555555555	0.6235544272184677	0.37644557278153246	389.4266608327632	2321889.57082282	0.7675916997659304	0.04109166399460763	0.9589083360053924	0.7999101392353852	0.20008986076461496
-1644.58	0.0010643555555555555	0.6177836598810238	0.38221634011897615	389.85866965717366	2310554.5358518064	0.7628582660687416	0.04083414942108714	0.9591658505789131	0.7971338922725953	0.20286610772740463
-1644.58	0.0010643555555555555	0.6119347486826411	0.388065251317359	390.28951363240117	2298942.408130009	0.7580449633362187	0.04056986947985681	0.9594301305201433	0.7943046831618316	0.20569531683816838
-1644.58	0.0010643555555555555	0.6060060955456386	0.39399390445436155	390.7191923014992	2287046.949665359	0.7531500455052098	0.04029866009043074	0.9597013399095693	0.7914204834659225	0.2085795165340776
-1644.58	0.0010643555555555555	0.5999960585180263	0.40000394148197366	391.14774247069545	2274862.256021081	0.7481718634195594	0.040020359875746585	0.9599796401242533	0.7884790042343848	0.21152099576561514
-1644.58	0.0010643555555555555	0.5939029502574202	0.4060970497425797	391.5751776518111	2262381.9159520096	0.7431086393052524	0.03973479452198979	0.96026520547801	0.7854779152768954	0.21452208472310455
-1644.58	0.0010643555555555555	0.5877250364516515	0.41227496354834847	392.0015271057015	2249599.532803243	0.7379585978348233	0.0394418268672029	0.960558173132797	0.7824146863109659	0.21758531368903405
-1644.58	0.0010643555555555555	0.5814605341729678	0.4185394658270322	392.426831644035	2236508.688942271	0.7327199882699463	0.03914123698633583	0.960858763013664	0.7792865938328485	0.22071340616715154
-1644.58	0.0010643555555555555	0.5751076101625442	0.42489238983745564	392.8510920883086	2223102.1976450724	0.7273908455231801	0.03883285198858816	0.9611671480114116	0.7760909044847496	0.22390909551525018
-1644.58	0.0010643555555555555	0.5686643790418372	0.4313356209581629	393.27582851125544	2209335.9218877964	0.72194477968883	0.03851817487347463	0.9614818251265256	0.7728488592741074	0.22715114072589263
-1644.58	0.0010224	0.6235544272184677	0.37644557278153246	390.1926702811835	2415628.4432839816	0.7642593733757622	0.04298623142652253	0.9570137685734776	0.802634350922334	0.19736564907766593
-1644.58	0.0010224	0.6177836598810238	0.38221634011897615	390.6236745298538	2403695.4153363993	0.7594742855698342	0.042718207881879536	0.9572817921181203	0.799907046168448	0.200092953831552
-1644.58	0.0010224	0.6119347486826411	0.388065251317359	391.0534572878652	2391471.396574104	0.7546087219458676	0.042443088151342144	0.9575569118486577	0.7971277929116879	0.2028722070883122
-1644.58	0.0010224	0.6060060955456386	0.39399390445436155	391.48207172656083	2378950.612645936	0.7496611339921523	0.04216071122872342	0.9578392887712768	0.7942943870327269	0.2057056129672732
-1644.58	0.0010224	0.5999960585180263	0.40000394148197366	391.9094954700226	2366126.0271899016	0.7446296481160936	0.04187092112826078	0.9581290788717391	0.7914047851126149	0.20859521488738508
-1644.58	0.0010224	0.5939029502574202	0.4060970497425797	392.33578306790406	2352991.5092561524	0.7395126477846475	0.041573514538597305	0.9584264854614024	0.7884565291475185	0.21154347085248149
-1644.58	0.0010224	0.5877250364516515	0.41227496354834847	392.7609426549855	2339540.057203544	0.7343082881581088	0.04126831924636403	0.9587316807536357	0.7854471961809878	0.21455280381901223
-1644.58	0.0010224	0.5814605341729678	0.4185394658270322	393.1850237667619	2325765.048399881	0.7290148368609478	0.04095515383842045	0.9590448461615797	0.7823740564521176	0.21762594354788248
-1644.58	0.0010224	0.5751076101625442	0.42489238983745564	393.6080156506841	2311658.7865254832	0.7236302909648251	0.040633816350709624	0.9593661836492902	0.7792344532853716	0.2207655467146283
-1644.58	0.0010224	0.5686643790418372	0.4313356209581629	394.0299820665115	2297214.4048231286	0.7181528776786086	0.040304116314835284	0.9596958836851648	0.77602526866181	0.22397473133819004
-2216.87	0.0014	0.6235544272184677	0.37644557278153246	380.68500890040906	1738488.3661794018	0.7771259785018426	0.02970282585078305	0.9702971741492171	0.7938667037750835	0.20613329622491658
-2216.87	0.0014	0.6177836598810238	0.38221634011897615	381.15329494306735	1730839.1039294528	0.7727773851733984	0.029514040163855913	0.9704859598361443	0.7907547687407797	0.20924523125922026
-2216.87	0.0014	0.6119347486826411	0.388065251317359	381.6203863024059	1722990.3721544542	0.7683535922100434	0.02932036412861394	0.9706796358713861	0.7875837346143719	0.21241626538562813
-2216.87	0.0014	0.6060060955456386	0.39399390445436155	382.12189446353756	1714840.6959059262	0.7636741898072269	0.029138487281839327	0.9708615127181609	0.7845229378279774	0.21547706217202275
-2216.87	0.0014	0.5999960585180263	0.40000394148197366	382.5498784815738	1706647.430177023	0.7592584276841106	0.028918047903520164	0.9710819520964799	0.7810703978700629	0.2189296021299371
-2216.87	0.0014	0.5939029502574202	0.4060970497425797	383.00071523886874	1698232.9653952357	0.7546782357580782	0.028702571712028842	0.9712974282879709	0.7776315215149135	0.22236847848508634
-2216.87	0.0014	0.5877250364516515	0.41227496354834847	383.3286779579061	1607008.4795173635	0.6995294566762654	0.030522692450081036	0.9694773075499189	0.8270614781776384	0.17293852182236147
-2216.87	0.0014	0.5814605341729678	0.4185394658270322	383.58155337953036	1551217.038428771	0.6683549520913145	0.031704093918033915	0.9682959060819663	0.8542557014653708	0.14574429853462945
-2216.87	0.0014	0.5751076101625442	0.42489238983745564	383.8381432022621	1509146.846688492	0.6458043648837828	0.03260219829623019	0.9673978017037697	0.8726482576999038	0.12735174230009585
-2216.87	0.0014	0.5686643790418372	0.4313356209581629	384.0980558059652	1473368.2523407526	0.6271477227979602	0.03337089868685859	0.9666291013131414	0.8869074115307823	0.1130925884692178
-2216.87	0.0013580444444444444	0.6235544272184677	0.37644557278153246	381.29184989481183	1791021.5690381357	0.7747164531687252	0.030727838519350213	0.9692721614806499	0.7959453400637585	0.2040546599362417
-2216.87	0.0013580444444444444	0.6177836598810238	0.38221634011897615	381.7599914052645	1783054.4870021075	0.7703299167160499	0.030533259992146206	0.9694667400078537	0.7928694839211762	0.2071305160788238
-2216.87	0.0013580444444444444	0.6119347486826411	0.388065251317359	382.2269089727231	1774880.3638473111	0.7658677258718991	0.03033361418364429	0.9696663858163558	0.7897351594529337	0.21026484054706623
-2216.87	0.0013580444444444444	0.6060060955456386	0.39399390445436155	382.6926285231564	1766494.7687447323	0.7613282313958925	0.03012878350239678	0.9698712164976032	0.7865401292203572	0.21345987077964293
-2216.87	0.0013580444444444444	0.5999960585180263	0.40000394148197366	383.1843022835979	1757805.547877091	0.7565662469311911	0.029932075876262086	0.9700679241237379	0.7834205971446592	0.21657940285534066
-2216.87	0.0013580444444444444	0.5939029502574202	0.4060970497425797	383.61934733388375	1749039.901034866	0.7519950742812296	0.02970324575698594	0.9702967542430139	0.7799737246423784	0.22002627535762173
-2216.87	0.0013580444444444444	0.5877250364516515	0.41227496354834847	384.0780503750226	1739584.76954337	0.7469689739741218	0.02948963375642921	0.970510366243571	0.7768237562504673	0.22317624374953257
-2216.87	0.0013580444444444444	0.5814605341729678	0.4185394658270322	384.3491022162879	1811850.6474422484	0.7966739725926042	0.027627425308200046	0.9723725746918002	0.7228090528219457	0.27719094717805437
-2216.87	0.0013580444444444444	0.5751076101625442	0.42489238983745564	384.5892158248365	1837786.8204813406	0.8178710763176159	0.026775665097276073	0.9732243349027239	0.6972137829655333	0.3027862170344666
-2216.87	0.0013580444444444444	0.5686643790418372	0.4313356209581629	384.8361807106041	1851468.9350434209	0.831124429230799	0.02615664617086275	0.9738433538291372	0.6788961323306695	0.3211038676693307
-2216.87	0.001316088888888889	0.6235544272184677	0.37644557278153246	381.9118665904379	1846906.682908721	0.7722305663987508	0.03182193809622847	0.9681780619037715	0.7980859463725996	0.20191405362740045
-2216.87	0.001316088888888889	0.6177836598810238	0.38221634011897615	382.3798674089992	1838600.3204776775	0.7678050798198998	0.031621217269706965	0.9683787827302928	0.7950473237351786	0.20495267626482128
-2216.87	0.001316088888888889	0.6119347486826411	0.388065251317359	382.8465782692091	1830078.417168033	0.7633033407494255	0.031415233834811644	0.9685847661651887	0.7919510311468796	0.2080489688531204
-2216.87	0.001316088888888889	0.6060060955456386	0.39399390445436155	383.31202880263874	1821336.4156451696	0.7587237101237648	0.031203855870594596	0.9687961441294054	0.7887948366260014	0.21120516337399864
-2216.87	0.001316088888888889	0.5999960585180263	0.40000394148197366	383.77627822928173	1812369.9581810755	0.7540646109510039	0.03098699046040125	0.9690130095395988	0.7855762654298336	0.21442373457016636
-2216.87	0.001316088888888889	0.5939029502574202	0.4060970497425797	384.26335307921653	1803090.0401937764	0.7491946085935529	0.030776822739602312	0.9692231772603974	0.7824188140974454	0.21758118590255462
-2216.87	0.001316088888888889	0.5877250364516515	0.41227496354834847	384.7000903506714	1793712.6837511586	0.7444856584953657	0.030536400853796965	0.969463599146203	0.7789573129825199	0.22104268701748014
-2216.87	0.001316088888888889	0.5814605341729678	0.4185394658270322	385.1552524954823	1782509.3213844672	0.7386578621513287	0.030333875116607723	0.9696661248833923	0.7764528664601953	0.22354713353980477
-2216.87	0.001316088888888889	0.5751076101625442	0.42489238983745564	385.4304437824853	1675676.189388776	0.6781463120224317	0.032544280721734035	0.9674557192782658	0.832612525320347	0.16738747467965284
-2216.87	0.001316088888888889	0.5686643790418372	0.4313356209581629	385.6756904459946	1619528.060872559	0.6489999110031194	0.033723519112800686	0.9662764808871993	0.8579776536044545	0.14202234639554567
-2216.87	0.0012741333333333334	0.6235544272184677	0.37644557278153246	382.545694627396	1906480.4475244258	0.769663563698905	0.03299220942719042	0.9670077905728096	0.8002913848657554	0.1997086151342447
-2216.87	0.0012741333333333334	0.6177836598810238	0.38221634011897615	383.01345123244704	1897809.9296843864	0.7651976430311922	0.03278494609280064	0.9672150539071993	0.797291631543185	0.20270836845681486
-2216.87	0.0012741333333333334	0.6119347486826411	0.388065251317359	383.4799176758916	1888915.5795031602	0.760655119773814	0.032572222622379056	0.9674277773776209	0.7942347829592366	0.20576521704076361
-2216.87	0.0012741333333333334	0.6060060955456386	0.39399390445436155	383.94508661029977	1879792.2217739914	0.7560342093528291	0.03235390644981209	0.9676460935501878	0.7911187639115889	0.2088812360884113
-2216.87	0.0012741333333333334	0.5999960585180263	0.40000394148197366	384.4090086531027	1870435.2264077694	0.7513333054700817	0.03212987139202829	0.9678701286079717	0.787941151141839	0.21205884885816087
-2216.87	0.0012741333333333334	0.5939029502574202	0.4060970497425797	384.8717194396115	1860839.6387838703	0.7465507035801476	0.03189998437821887	0.9681000156217813	0.7846994435228799	0.2153005564771199
-2216.87	0.0012741333333333334	0.5877250364516515	0.41227496354834847	385.3600509420455	1850897.87248608	0.7415363486758068	0.03167843171257814	0.9683215682874219	0.7815359481135336	0.21846405188646642
-2216.87	0.0012741333333333334	0.5814605341729678	0.4185394658270322	385.7924501775299	1840879.799292343	0.7367179830314631	0.0314222880651352	0.9685777119348647	0.7780285319422336	0.22197146805776638
-2216.87	0.0012741333333333334	0.5751076101625442	0.42489238983745564	386.2360206351462	1832273.9280803055	0.7327654451698816	0.03112863895201405	0.9688713610479855	0.7734930268966669	0.2265069731033331
-2216.87	0.0012741333333333334	0.5686643790418372	0.4313356209581629	386.4845449615837	1911359.025328272	0.7850532188068409	0.029074708776225994	0.9709252912237742	0.7164034876909904	0.28359651230900984
-2216.87	0.0012321777777777776	0.6235544272184677	0.37644557278153246	383.1939264346203	1970125.4769734682	0.7670098309487311	0.03424671715166366	0.9657532828483365	0.8025650440991509	0.1974349559008493
-2216.87	0.0012321777777777776	0.6177836598810238	0.38221634011897615	383.6614138090256	1961064.3715752538	0.7625022249039212	0.034032485791060656	0.965967514208939	0.799605562202108	0.20039443779789218
-2216.87	0.0012321777777777776	0.6119347486826411	0.388065251317359	384.1275540557876	1951769.8551060301	0.7579174467166682	0.03381257050809036	0.9661874294919098	0.7965898105346941	0.20341018946530584
-2216.87	0.0012321777777777776	0.6060060955456386	0.39399390445436155	384.5923731197169	1942236.9547943235	0.7532538334740114	0.03358684576799899	0.9664131542320012	0.7935156032993591	0.20648439670064095
-2216.87	0.0012321777777777776	0.5999960585180263	0.40000394148197366	385.0559318192022	1932460.9754727732	0.7485098162336149	0.03335517580882229	0.9666448241911775	0.7903804952100465	0.20961950478995348
-2216.87	0.0012321777777777776	0.5939029502574202	0.4060970497425797	385.5182487939018	1922436.5529927295	0.7436836225801646	0.033117420831475675	0.9668825791685244	0.7871820692909021	0.2128179307090979
-2216.87	0.0012321777777777776	0.5877250364516515	0.41227496354834847	385.97933264645235	1912158.037221439	0.7387733956420314	0.0328734330429981	0.9671265669570017	0.7839178083300365	0.2160821916699635
-2216.87	0.0012321777777777776	0.5814605341729678	0.4185394658270322	386.475015446047	1901485.6782600903	0.7335830849835053	0.03264267762870106	0.9673573223712988	0.7807758717802633	0.21922412821973683
-2216.87	0.0012321777777777776	0.5751076101625442	0.42489238983745564	386.89676338513044	1890820.5791346664	0.7286997087536433	0.03236553585653368	0.9676344641434663	0.777174498706688	0.2228255012933119
-2216.87	0.0012321777777777776	0.5686643790418372	0.4313356209581629	387.3470341703679	1876141.977513914	0.7214678698622481	0.032179662595416124	0.967820337404584	0.7757813375374389	0.22421866246256106
-2216.87	0.001190222222222222	0.6235544272184677	0.37644557278153246	383.8572268422767	2038280.0260008906	0.7642632441298525	0.035594694698323805	0.9644053053016766	0.8049104207078378	0.19508957929216234
-2216.87	0.001190222222222222	0.6177836598810238	0.38221634011897615	384.32438911127883	2028798.7243498978	0.7597125044291059	0.03537302416075057	0.9646269758392493	0.8019928077299733	0.19800719227002675
-2216.87	0.001190222222222222	0.6119347486826411	0.388065251317359	384.7901437220172	2019073.6931557958	0.7550840074555981	0.035145432590150315	0.9648545674098497	0.7990197967633423	0.20098020323665775
-2216.87	0.001190222222222222	0.6060060955456386	0.39399390445436155	385.2545736019853	2009100.460617112	0.7503762990957654	0.0349117935789829	0.9650882064210173	0.7959890059787454	0.2040109940212546
-2216.87	0.001190222222222222	0.5999960585180263	0.40000394148197366	385.7177062204684	1998873.714084523	0.7455876823391068	0.034671965517622694	0.9653280344823774	0.7928981358143631	0.20710186418563678
-2216.87	0.001190222222222222	0.5939029502574202	0.4060970497425797	386.1795273456067	1988387.4588952202	0.7407162607326558	0.03442579407685842	0.9655742059231414	0.7897449167152258	0.21025508328477416
-2216.87	0.001190222222222222	0.5877250364516515	0.41227496354834847	386.6401242049001	1977636.7956023861	0.7357604724432093	0.03417313900291832	0.9658268609970816	0.7865265450109584	0.21347345498904172
-2216.87	0.001190222222222222	0.5814605341729678	0.4185394658270322	387.0994862131893	1966615.4318010178	0.7307183444216255	0.033913833926192447	0.9660861660738074	0.7832404444140773	0.216759555585923
-2216.87	0.001190222222222222	0.5751076101625442	0.42489238983745564	387.61304870435083	1955120.25802766	0.725296931704425	0.03367874125752733	0.9663212587424724	0.7801714468487064	0.2198285531512935
-2216.87	0.001190222222222222	0.5686643790418372	0.4313356209581629	388.0134808172226	1943702.821114026	0.7203522350294871	0.03337489119416896	0.9666251088058314	0.7764689801932219	0.22353101980677842
-2216.87	0.0011482666666666665	0.6235544272184677	0.37644557278153246	384.53630598778307	2111448.0299752043	0.7614169425917987	0.037046766673561646	0.9629532333264383	0.8073312556796555	0.19266874432034445
-2216.87	0.0011482666666666665	0.6177836598810238	0.38221634011897615	394.5280243223482	2068002.7059036084	0.7101233761152351	0.04371220948569614	0.9562877905143037	0.8521230711810451	0.14787692881895484
-2216.87	0.0011482666666666665	0.6119347486826411	0.388065251317359	385.4684178771808	2091324.7732233126	0.7521478428463856	0.03658133285575907	0.9634186671442412	0.8015285720176069	0.19847142798239314
-2216.87	0.0011482666666666665	0.6060060955456386	0.39399390445436155	385.9323927763965	2080876.7176692546	0.7473944580236855	0.03633922235922748	0.9636607776407724	0.7985429918289202	0.20145700817108003
-2216.87	0.0011482666666666665	0.5999960585180263	0.40000394148197366	386.395004662945	2070163.5523880185	0.7425595530497908	0.03609064939352287	0.9639093506064771	0.7954983047236157	0.20450169527638412
-2216.87	0.0011482666666666665	0.5939029502574202	0.4060970497425797	386.8563089849738	2059179.9175424036	0.7376414828620179	0.03583548102073846	0.9641645189792614	0.792391995536982	0.2076080044630178
-2216.87	0.0011482666666666665	0.5877250364516515	0.41227496354834847	387.3163075726536	2047919.6031077183	0.7326383719362817	0.03557353778014216	0.9644264622198578	0.7892216127673073	0.21077838723269268
-2216.87	0.0011482666666666665	0.5814605341729678	0.4185394658270322	387.77507850883296	2036377.1833625268	0.7275485732225064	0.03530467400735867	0.9646953259926414	0.7859842578412456	0.2140157421587547
-2216.87	0.0011482666666666665	0.5751076101625442	0.42489238983745564	388.2326051023719	2024545.83586092	0.7223700438448691	0.035028713479209286	0.9649712865207906	0.7826772369544135	0.21732276304558645
-2216.87	0.0011482666666666665	0.5686643790418372	0.4313356209581629	388.68892999737886	2012418.9332571595	0.7171007118374143	0.034745494868831384	0.9652545051311686	0.7792976551992193	0.22070234480078085
-2216.87	0.001106311111111111	0.6235544272184677	0.37644557278153246	385.23193396518866	2190212.0764151937	0.7584632395871296	0.03861521512064534	0.9613847848793549	0.8098315135087317	0.19016848649126844
-2216.87	0.001106311111111111	0.6177836598810238	0.38221634011897615	385.69823599032264	2179787.643622404	0.7538213715019934	0.03837704315200979	0.9616229568479905	0.8070029254011999	0.1929970745988002
-2216.87	0.001106311111111111	0.6119347486826411	0.388065251317359	386.1630806548781	2169097.353096815	0.749100826996293	0.03813242552979444	0.9618675744702058	0.8041205308341904	0.19587946916580953
-2216.87	0.001106311111111111	0.6060060955456386	0.39399390445436155	386.62652833533525	2158136.0067836577	0.7443000570746428	0.03788123747367668	0.9621187625263233	0.8011820765262619	0.1988179234737383
-2216.87	0.001106311111111111	0.5999960585180263	0.40000394148197366	387.0885851926118	2146897.543668084	0.7394172928063756	0.03762329667548152	0.9623767033245184	0.7981853870049109	0.201814612995089
-2216.87	0.001106311111111111	0.5939029502574202	0.4060970497425797	387.54928797024394	2135376.114536238	0.73445082119729	0.037358454710320094	0.9626415452896798	0.7951280418418726	0.2048719581581273
-2216.87	0.001106311111111111	0.5877250364516515	0.41227496354834847	388.0086587609208	2123565.4981385083	0.7293988356359666	0.0370865461312876	0.9629134538687126	0.7920075350580925	0.20799246494190746
-2216.87	0.001106311111111111	0.5814605341729678	0.4185394658270322	391.4031993347126	2099987.743059076	0.708869495029247	0.038718711864884896	0.9612812881351152	0.8043629187519229	0.1956370812480771
-2216.87	0.001106311111111111	0.5751076101625442	0.42489238983745564	388.92352794373556	2099051.3148574103	0.7190309941684739	0.036520848288935565	0.9634791517110642	0.7855661137109906	0.21443388628900922
-2216.87	0.001106311111111111	0.5686643790418372	0.4313356209581629	389.3791158811962	2086334.9148645448	0.7137114584119612	0.036226710423337014	0.963773289576663	0.782239209372418	0.2177607906275822
-2216.87	0.0010643555555555555	0.6235544272184677	0.37644557278153246	385.94492072592084	2275249.070405304	0.7553933776644078	0.0403143063733687	0.9596856936266315	0.8124154897970471	0.18758451020295308
-2216.87	0.0010643555555555555	0.6177836598810238	0.38221634011897615	386.41068739554015	2264293.6986740353	0.7507032964492955	0.040066968861099755	0.9599330311389003	0.8096342449772832	0.19036575502271677
-2216.87	0.0010643555555555555	0.6119347486826411	0.388065251317359	386.87499285483034	2253060.312727116	0.745934143987427	0.0398128917966829	0.9601871082033171	0.8067999797286727	0.1932000202713274
-2216.87	0.0010643555555555555	0.6060060955456386	0.39399390445436155	387.3378149774151	2241542.3725382104	0.7410840858381341	0.039551916238114236	0.960448083761886	0.8039107658373321	0.19608923416266788
-2216.87	0.0010643555555555555	0.5999960585180263	0.40000394148197366	387.79923442053206	2229734.523849615	0.7361516052180695	0.03928389233516355	0.9607161076648365	0.8009641796677756	0.1990358203322244
-2216.87	0.0010643555555555555	0.5939029502574202	0.4060970497425797	388.2592347803791	2217629.938537172	0.731134805284199	0.03900864354161046	0.9609913564583894	0.7979580229246875	0.20204197707531246
-2216.87	0.0010643555555555555	0.5877250364516515	0.41227496354834847	388.71789578505536	2205222.874408551	0.7260320829106167	0.038726009296857496	0.9612739907031425	0.7948896005170852	0.20511039948291485
-2216.87	0.0010643555555555555	0.5814605341729678	0.4185394658270322	389.17521583464895	2192506.3070741547	0.7208415040044044	0.03843580554198784	0.9615641944580122	0.791756369930109	0.20824363006989105
-2216.87	0.0010643555555555555	0.5751076101625442	0.42489238983745564	389.6312456604521	2179473.7020105883	0.7155612733520756	0.03813785398388475	0.9618621460161151	0.7885554299144588	0.21144457008554102
-2216.87	0.0010643555555555555	0.5686643790418372	0.4313356209581629	390.0859843370435	2166117.6188533143	0.7101893630512655	0.03783195906737362	0.9621680409326264	0.7852839030021425	0.21471609699785785
-2216.87	0.0010224	0.6235544272184677	0.37644557278153246	386.67616855104234	2367350.8974888246	0.7521974865165588	0.04216075439580534	0.9578392456041948	0.8150876562325925	0.18491234376740767
-2216.87	0.0010224	0.6177836598810238	0.38221634011897615	387.14132726348635	2355818.5782243744	0.7474572547563072	0.04190352091821957	0.9580964790817805	0.8123557913300679	0.187644208669932
-2216.87	0.0010224	0.6119347486826411	0.388065251317359	387.6049867319321	2343994.5644500824	0.7426374278662081	0.041639235558671606	0.9583607644413283	0.8095718655670701	0.19042813443293002
-2216.87	0.0010224	0.6060060955456386	0.39399390445436155	388.0671239114135	2331872.0053855	0.7377361747130967	0.041367721920873235	0.9586322780791268	0.8067339774719874	0.1932660225280128
-2216.87	0.0010224	0.5999960585180263	0.40000394148197366	388.52782052959896	2319445.2855676636	0.7327519786110885	0.04108882302920136	0.9589111769707984	0.803839728933568	0.19616027106643197
-2216.87	0.0010224	0.5939029502574202	0.4060970497425797	388.9870572033141	2306707.2195532154	0.7276829365906876	0.04080235290949494	0.9591976470905049	0.8008869578052633	0.1991130421947366
-2216.87	0.0010224	0.5877250364516515	0.41227496354834847	389.44491994042704	2293651.85546553	0.7225274643012961	0.040508144529424625	0.9594918554705754	0.797872976953339	0.20212702304666103
-2216.87	0.0010224	0.5814605341729678	0.4185394658270322	389.9013792866606	2280271.4566077497	0.7172835344907493	0.040205998289997984	0.9597940017100021	0.7947953759302432	0.20520462406975698
-2216.87	0.0010224	0.5751076101625442	0.42489238983745564	390.35651369113697	2266559.5413764673	0.7119494479556531	0.03989573347099343	0.9601042665290065	0.7916511821596605	0.20834881784033937
-2216.87	0.0010224	0.5686643790418372	0.4313356209581629	390.81034402570816	2252508.61570539	0.7065232587487675	0.039577149728587294	0.9604228502714127	0.7884374636130137	0.21156253638698636
-2789.16	0.0014	0.6235544272184677	0.37644557278153246	377.361120352538	1702273.0817572519	0.7645837670268409	0.029196172654620316	0.9708038273453795	0.8065580265101733	0.1934419734898268
-2789.16	0.0014	0.6177836598810238	0.38221634011897615	377.8624473343186	1694884.020021191	0.7602633213900453	0.02901407316201036	0.9709859268379893	0.803442577278877	0.1965574227211229
-2789.16	0.0014	0.6119347486826411	0.388065251317359	378.3622336751631	1687294.563561895	0.7558683520686938	0.028827098872593757	0.9711729011274064	0.8002678507100963	0.19973214928990363
-2789.16	0.0014	0.6060060955456386	0.39399390445436155	378.86053653194654	1679500.7448789275	0.751397307264372	0.02863514122265515	0.9713648587773448	0.7970314992360076	0.20296850076399253
-2789.16	0.0014	0.5999960585180263	0.40000394148197366	379.3573506618138	1671497.7936721472	0.7468483586584299	0.028438078644491226	0.9715619213555087	0.7937312914463905	0.20626870855360938
-2789.16	0.0014	0.5939029502574202	0.4060970497425797	379.8527292956908	1663281.4395047922	0.7422198545497075	0.028235794914041854	0.9717642050859582	0.7903646329879833	0.20963536701201668
-2789.16	0.0014	0.5877250364516515	0.41227496354834847	380.4532676040132	1654569.6880038406	0.7370016282707808	0.028076481095918458	0.9719235189040815	0.787435122770606	0.212564877229394
-2789.16	0.0014	0.5814605341729678	0.4185394658270322	380.8379986598789	1646154.134340161	0.7326983088478911	0.0278153271923065	0.9721846728076935	0.7834403918266493	0.21655960817335076
-2789.16	0.0014	0.5751076101625442	0.42489238983745564	381.3291120488265	1637310.9409052078	0.727847371513676	0.02759565987179	0.9724043401282099	0.7798302240388829	0.22016977596111692
-2789.16	0.0014	0.5686643790418372	0.4313356209581629	381.6575106921541	1701440.6458511509	0.7722109697176796	0.025920891766966995	0.9740791082330329	0.728764426187745	0.2712355738122551
-2789.16	0.0013580444444444444	0.6235544272184677	0.37644557278153246	377.94108182339903	1753831.5683231212	0.762272793133725	0.030197351453724316	0.9698026485462761	0.8086025117972224	0.1913974882027777
-2789.16	0.0013580444444444444	0.6177836598810238	0.38221634011897615	378.4425811660037	1746136.1328172828	0.7579153489438659	0.03000977623708447	0.9699902237629154	0.8055236703190369	0.194476329680963
-2789.16	0.0013580444444444444	0.6119347486826411	0.388065251317359	378.9424983671479	1738232.578723317	0.7534829016537548	0.02981714619795646	0.9701828538020437	0.8023862399451998	0.1976137600548002
-2789.16	0.0013580444444444444	0.6060060955456386	0.39399390445436155	379.440880766935	1730116.6793771996	0.7489738570082033	0.029619348049799616	0.9703806519502003	0.7991879279175024	0.20081207208249766
-2789.16	0.0013580444444444444	0.5999960585180263	0.40000394148197366	379.93776811464664	1721783.9932495842	0.7443865522354872	0.0294162635376072	0.9705837364623928	0.7959263425642843	0.20407365743571546
-2789.16	0.0013580444444444444	0.5939029502574202	0.4060970497425797	380.43318162455313	1713229.736420284	0.7397192122361358	0.029207767553321235	0.9707922324466787	0.792599029214692	0.20740097078530798
-2789.16	0.0013580444444444444	0.5877250364516515	0.41227496354834847	380.9271902829668	1704449.512366795	0.734970197751221	0.02899373841569222	0.9710062615843078	0.7892031996231024	0.21079680037689771
-2789.16	0.0013580444444444444	0.5814605341729678	0.4185394658270322	381.4941334793065	1695212.385897879	0.7297664746770708	0.028809248872153165	0.9711907511278467	0.7861080622293557	0.2138919377706444
-2789.16	0.0013580444444444444	0.5751076101625442	0.42489238983745564	381.9096056524794	1686153.3440553134	0.7252009632033258	0.028548773527908255	0.9714512264720917	0.7822141219858036	0.21778587801419613
-2789.16	0.0013580444444444444	0.5686643790418372	0.4313356209581629	382.3893846279959	1676863.4856834707	0.7203503051749623	0.028308966056178338	0.9716910339438218	0.7784376313788293	0.22156236862117076
-2789.16	0.001316088888888889	0.6235544272184677	0.37644557278153246	378.5334502609372	1808686.7854986016	0.7598897700517103	0.03126579281625588	0.9687342071837444	0.8107059928888356	0.1892940071111644
-2789.16	0.001316088888888889	0.6177836598810238	0.38221634011897615	379.0350535454005	1800663.3977819507	0.7554940565920805	0.03107239045895502	0.9689276095410447	0.8076652230599614	0.1923347769400386
-2789.16	0.001316088888888889	0.6119347486826411	0.388065251317359	379.53507684183813	1792424.1424737205	0.7510230123979522	0.030873753456926802	0.9691262465430731	0.8045664175078409	0.19543358249215917
-2789.16	0.001316088888888889	0.6060060955456386	0.39399390445436155	380.03352242879305	1783964.12735019	0.7464748776475054	0.030669755894739404	0.9693302441052608	0.8014074684136865	0.19859253158631376
-2789.16	0.001316088888888889	0.5999960585180263	0.40000394148197366	380.53045619138857	1775279.035993132	0.7418480820165604	0.030460276964910892	0.9695397230350892	0.7981859007947256	0.2018140992052743
-2789.16	0.001316088888888889	0.5939029502574202	0.4060970497425797	381.02585066877066	1766363.356968659	0.7371406676923645	0.03024518284867452	0.9697548171513253	0.7948994640638042	0.20510053593619576
-2789.16	0.001316088888888889	0.5877250364516515	0.41227496354834847	382.91670490646857	1753296.1106055984	0.7256663217634983	0.030723236065560145	0.9692767639344397	0.7982961324244237	0.20170386757557637
-2789.16	0.001316088888888889	0.5814605341729678	0.4185394658270322	382.0123720108857	1747822.6388718118	0.7274776346528872	0.0297976397586852	0.970202360241315	0.788120463906408	0.2118795360935921
-2789.16	0.001316088888888889	0.5751076101625442	0.42489238983745564	382.5582386673841	1737988.606158999	0.722228680234425	0.02959216586704665	0.9704078341329531	0.784914488595121	0.21508551140487894
-2789.16	0.001316088888888889	0.5686643790418372	0.4313356209581629	382.9918419299692	1728261.4212120934	0.717452147728357	0.029326248093180567	0.9706737519068195	0.7810671588373237	0.21893284116267642
-2789.16	0.0012741333333333334	0.6235544272184677	0.37644557278153246	379.1387043334038	1867169.0302291864	0.7574298067670266	0.032408319458873014	0.9675916805411272	0.8128715418963572	0.18712845810364284
-2789.16	0.0012741333333333334	0.6177836598810238	0.38221634011897615	379.64044311628555	1858795.1287081472	0.7529948458290723	0.03220873739468799	0.9677912626053121	0.8098699999251087	0.1901300000748912
-2789.16	0.0012741333333333334	0.6119347486826411	0.388065251317359	380.1404986900579	1850195.8638707448	0.7484838439664986	0.03200371751306035	0.9679962824869398	0.8068113981923215	0.1931886018076787
-2789.16	0.0012741333333333334	0.6060060955456386	0.39399390445436155	380.63897818100185	1841367.3583057125	0.7438954152218059	0.03179313214104517	0.9682068678589549	0.8036932563451734	0.19630674365482692
-2789.16	0.0012741333333333334	0.5999960585180263	0.40000394148197366	381.1358827524339	1832304.3784723496	0.7392277512262131	0.031576851257760004	0.9684231487422399	0.8005133614434047	0.19948663855659526
-2789.16	0.0012741333333333334	0.5939029502574202	0.4060970497425797	381.63127781946065	1823002.279580194	0.734479232713447	0.031354746785468623	0.9686452532145314	0.7972691231439173	0.20273087685608265
-2789.16	0.0012741333333333334	0.5877250364516515	0.41227496354834847	382.12515873224737	1813455.4573934232	0.7296479424916631	0.03112667419164551	0.9688733258083544	0.7939580752633558	0.20604192473664426
-2789.16	0.0012741333333333334	0.5814605341729678	0.4185394658270322	382.61757444256494	1803658.7638296844	0.7247321118405639	0.030892492649487097	0.9691075073505129	0.7905773921156252	0.20942260788437483
-2789.16	0.0012741333333333334	0.5751076101625442	0.42489238983745564	383.10857762394596	1793606.9293196502	0.7197299407495341	0.03065205415510579	0.969347945844894	0.7871240656437994	0.21287593435620036
-2789.16	0.0012741333333333334	0.5686643790418372	0.4313356209581629	383.642583214816	1783108.2792983877	0.7143926948650743	0.03042846510594817	0.9695715348940521	0.7838459031685594	0.21615409683144068
-2789.16	0.0012321777777777776	0.6235544272184677	0.37644557278153246	379.7574452129487	1929655.6797507876	0.754887798395319	0.03363277683972062	0.9663672231602796	0.8151020913958122	0.18489790860418792
-2789.16	0.0012321777777777776	0.6177836598810238	0.38221634011897615	380.2592469813549	1920905.1574946605	0.7504121663457232	0.03342661995504529	0.9665733800449549	0.8121413931597734	0.18785860684022654
-2789.16	0.0012321777777777776	0.6119347486826411	0.388065251317359	380.7593306562033	1911919.9238360126	0.7458600305564768	0.03321479888973366	0.9667852011102662	0.809124387933045	0.1908756120669552
-2789.16	0.0012321777777777776	0.6060060955456386	0.39399390445436155	381.25780202193397	1902695.9102346294	0.7412299887744654	0.03299719555256023	0.9670028044474398	0.806048621791371	0.19395137820862887
-2789.16	0.0012321777777777776	0.5999960585180263	0.40000394148197366	381.754664776353	1893227.7106777353	0.7365202429237281	0.03277366853848407	0.9672263314615159	0.8029118900323937	0.19708810996760628
-2789.16	0.0012321777777777776	0.5939029502574202	0.4060970497425797	382.2499554227343	1883510.1471371774	0.7317290671648725	0.03254407571118491	0.9674559242888148	0.7997117334362681	0.2002882665637319
-2789.16	0.0012321777777777776	0.5877250364516515	0.41227496354834847	382.74370019842587	1873537.7536752494	0.7268546448232933	0.032308299608786464	0.9676917003912134	0.7964455873025222	0.20355441269747776
-2789.16	0.0012321777777777776	0.5814605341729678	0.4185394658270322	383.2359881692918	1863305.6515570453	0.721895360249464	0.032066168320921656	0.9679338316790783	0.7931104915067544	0.20688950849324575
-2789.16	0.0012321777777777776	0.5751076101625442	0.42489238983745564	383.72679189145373	1852807.4068219464	0.7168491157782426	0.031817531143751104	0.9681824688562486	0.7897037683737067	0.21029623162629307
-2789.16	0.0012321777777777776	0.5686643790418372	0.4313356209581629	384.21617246687845	1842037.452350373	0.7117140888697732	0.03156223541232075	0.9684377645876793	0.7862222204105852	0.213777779589415
-2789.16	0.001190222222222222	0.6235544272184677	0.37644557278153246	380.39032497406515	1996578.7750714205	0.7522580813680477	0.0349481330269828	0.9650518669730171	0.8174007364221532	0.182599263577847
-2789.16	0.001190222222222222	0.6177836598810238	0.38221634011897615	380.8921082062014	1987422.687438524	0.7477402583041964	0.03473494801089128	0.9652650519891088	0.8144826015509472	0.1855173984490527
-2789.16	0.001190222222222222	0.6119347486826411	0.388065251317359	381.3921796197589	1978022.3391065183	0.7431456017546446	0.034515870318041084	0.965484129681959	0.8115088001036087	0.18849119989639135
-2789.16	0.001190222222222222	0.6060060955456386	0.39399390445436155	381.8905950903467	1968372.8781040888	0.7384725267777152	0.034290788358295916	0.9657092116417041	0.8084770802735703	0.1915229197264296
-2789.16	0.001190222222222222	0.5999960585180263	0.40000394148197366	382.3873675563341	1958468.7957199067	0.7337192742311713	0.03405953162885069	0.9659404683711493	0.8053852235730794	0.1946147764269204
-2789.16	0.001190222222222222	0.5939029502574202	0.4060970497425797	382.8824989592716	1948304.280016804	0.7288839907359944	0.03382195949386063	0.9661780405061392	0.8022309215263713	0.1977690784736286
-2789.16	0.001190222222222222	0.5877250364516515	0.41227496354834847	383.3760885471084	1937874.5197991775	0.7239651224491291	0.033577934807865875	0.9664220651921341	0.7990113575798641	0.20098864242013603
-2789.16	0.001190222222222222	0.5814605341729678	0.4185394658270322	383.8681676598499	1927173.7189988124	0.7189608351177013	0.0333273030258143	0.9666726969741858	0.7957238125066382	0.20427618749336202
-2789.16	0.001190222222222222	0.5751076101625442	0.42489238983745564	384.35872919043175	1916195.4367946922	0.7138691094878211	0.03306989764334689	0.9669301023566531	0.7923655518678202	0.20763444813217954
-2789.16	0.001190222222222222	0.5686643790418372	0.4313356209581629	384.8478205923356	1904933.7005289088	0.7086880704766689	0.032805557040598024	0.967194442959402	0.788933456358582	0.21106654364141794
-2789.16	0.0011482666666666665	0.6235544272184677	0.37644557278153246	381.03790611055854	2068433.5444195103	0.7495338516415561	0.036364665000096184	0.963635334999904	0.8197712595553196	0.1802287404446805
-2789.16	0.0011482666666666665	0.6177836598810238	0.38221634011897615	381.5396890116495	2058841.0158247943	0.7449725599373317	0.036144000901991234	0.9638559990980088	0.8168971323031813	0.18310286769681852
-2789.16	0.0011482666666666665	0.6119347486826411	0.388065251317359	382.0396833023145	2048992.9263945897	0.7403338209397573	0.035917174457895336	0.9640828255421049	0.8139683156222507	0.18603168437774936
-2789.16	0.0011482666666666665	0.6060060955456386	0.39399390445436155	396.0281170539868	1975789.501550025	0.66650381816355	0.04672422081785086	0.9532757791821492	0.8858520089658677	0.11414799103413246
-2789.16	0.0011482666666666665	0.5999960585180263	0.40000394148197366	383.03460225008183	2028510.5223323142	0.7308178563150793	0.035444540143548905	0.964555459856451	0.8079373213422077	0.19206267865779234
-2789.16	0.0011482666666666665	0.5939029502574202	0.4060970497425797	383.52958783684755	2017864.971871468	0.725937171659863	0.0351984334452695	0.9648015665547305	0.8048304878759125	0.19516951212408745
-2789.16	0.0011482666666666665	0.5877250364516515	0.41227496354834847	384.0229625218255	2006942.0496584128	0.72097229908967	0.03494559290343555	0.9650544070965643	0.8016594378683235	0.19834056213167656
-2789.16	0.0011482666666666665	0.5814605341729678	0.4185394658270322	384.5147610545587	1995735.7487564785	0.7159214129568415	0.03468585790038355	0.9653141420996165	0.7984214668331281	0.20157853316687196
-2789.16	0.0011482666666666665	0.5751076101625442	0.42489238983745564	385.0050153790715	1984239.8391509235	0.7107826311301924	0.03441906209141469	0.9655809379085852	0.795113716674347	0.20488628332565276
-2789.16	0.0011482666666666665	0.5686643790418372	0.4313356209581629	385.49377986132265	1972448.1715991949	0.7055541022898771	0.03414503795457346	0.9658549620454266	0.7917330660766978	0.20826693392330212
-2789.16	0.001106311111111111	0.6235544272184677	0.37644557278153246	381.70097793242167	2145794.7436398785	0.7467080813676578	0.03789434419038951	0.9621056558096107	0.8222170234834717	0.17778297651652833
-2789.16	0.001106311111111111	0.6177836598810238	0.38221634011897615	382.20265344909836	2135729.8409602595	0.7421015390399353	0.037665622576416556	0.9623343774235836	0.8193888865587445	0.18061111344125533
-2789.16	0.001106311111111111	0.6119347486826411	0.388065251317359	382.7025635799683	2125398.4345188546	0.7374172554061512	0.03743049577530432	0.9625695042246956	0.8165067225594388	0.18349327744056115
-2789.16	0.001106311111111111	0.6060060955456386	0.39399390445436155	383.20071213270745	2114794.581702875	0.732653474128312	0.0371888091516138	0.9628111908483861	0.8135685118081605	0.18643148819183977
-2789.16	0.001106311111111111	0.5999960585180263	0.40000394148197366	383.697119671206	2103912.3765272778	0.727808451281914	0.036940406925598496	0.9630595930744014	0.8105720549240498	0.1894279450759499
-2789.16	0.001106311111111111	0.5939029502574202	0.4060970497425797	384.1918381656625	2092746.128761589	0.7228805052967947	0.036685134894327745	0.9633148651056722	0.8075149072843222	0.19248509271567762
-2789.16	0.001106311111111111	0.5877250364516515	0.41227496354834847	384.6849391757594	2081290.2127340569	0.7178679792593435	0.036422837733693994	0.9635771622663061	0.8043944072230598	0.1956055927769402
-2789.16	0.001106311111111111	0.5814605341729678	0.4185394658270322	385.17642598221414	2069537.957965493	0.7127689418964	0.036153341084247	0.9638466589157528	0.8012079906848191	0.1987920093151811
-2789.16	0.001106311111111111	0.5751076101625442	0.42489238983745564	385.6663327303847	2057482.882519819	0.7075815187457859	0.035876471377056886	0.9641235286229429	0.7979528180590536	0.20204718194094617
-2789.16	0.001106311111111111	0.5686643790418372	0.4313356209581629	386.15469111544894	2045118.2685839192	0.7023037789836416	0.0355920487712431	0.964407951228757	0.794625883164167	0.20537411683583293
-2789.16	0.0010643555555555555	0.6235544272184677	0.37644557278153246	382.3802822551121	2229329.157902891	0.7437724645322948	0.0395509647572586	0.9604490352427416	0.824741987966819	0.17525801203318114
-2789.16	0.0010643555555555555	0.6177836598810238	0.38221634011897615	382.88182094484176	2218752.754942368	0.7391190209192339	0.0393136145033149	0.960686385496685	0.8219616441241361	0.1780383558758639
-2789.16	0.0010643555555555555	0.6119347486826411	0.388065251317359	383.38152191133037	2207896.7646548357	0.7343872266831211	0.03906955891483647	0.9609304410851639	0.8191283194071248	0.1808716805928752
-2789.16	0.0010643555555555555	0.6060060955456386	0.39399390445436155	383.87945451255473	2196755.811352119	0.7295755373002677	0.03881865009621613	0.961181349903784	0.8162397894456128	0.18376021055438718
-2789.16	0.0010643555555555555	0.5999960585180263	0.40000394148197366	384.3755924967448	2185323.1212678333	0.7246820583838132	0.03856071485939651	0.9614392851406034	0.813294043997893	0.18670595600210713
