575.5102040816327	0.0008	0.5	0.5	19.042905282424414	0.4047548846593004	0.5952451153406997	0.70380929918186	0.29619070081814014	0.3184875752219158
576.3265306122449	0.0008	0.5	0.5	19.99407918799802	0.39692477607081283	0.6030752239291871	0.6797149845466658	0.3202850154533342	0.3644936098909826
578.7755102040817	0.0008	0.5	0.5	21.207993320842665	0.3868921108859004	0.6131078891140995	0.6426766742959408	0.35732332570405917	0.4421998247516594
579.5918367346939	0.0008	0.5	0.5	21.48113808740506	0.38452104214672717	0.6154789578532729	0.6327787127170859	0.36722128728291414	0.46515766295545313
580.4081632653061	0.0008	0.5	0.5	21.718098462239443	0.3823882069688914	0.6176117930311085	0.6234361603973523	0.3765638396026476	0.4879186541860177
581.2244897959183	0.0008	0.5	0.5	21.925074926112163	0.380440859229297	0.619559140770703	0.6145024063330554	0.3854975936669445	0.5108021469143881
582.0408163265306	0.0008	0.5	0.5	22.10598109444855	0.37864510304419713	0.6213548969558028	0.6058803027641425	0.39411969723585755	0.5340497295549547
582.8571428571429	0.0008	0.5	0.5	22.263397662489478	0.3769779754941015	0.6230220245058985	0.5975009999413914	0.40249900005860867	0.5578647618054215
583.6734693877551	0.0008	0.5	0.5	22.399061187765113	0.37542341259696266	0.6245765874030373	0.5893130807913627	0.41068691920863726	0.5824338709516916
584.4897959183673	0.0008	0.5	0.5	22.51413738294739	0.37397002380912403	0.626029976190876	0.581276447096205	0.41872355290379504	0.6079405268419871
585.3061224489796	0.0008	0.5	0.5	22.60938429124747	0.372609767915461	0.627390232084539	0.5733586144491808	0.42664138555081926	0.634575163365341
586.1224489795918	0.0008	0.5	0.5	22.685254178145595	0.3713371701734588	0.6286628298265412	0.5655323374347488	0.43446766256525116	0.6625439326892468
586.9387755102041	0.0008	0.5	0.5	22.741959594831243	0.3701488320523144	0.6298511679476856	0.557773991673773	0.44222600832622705	0.6920775881532395
587.7551020408164	0.0008	0.5	0.5	22.77951700945668	0.36904314540235233	0.6309568545976477	0.5500624119820767	0.4499375880179233	0.7234415268165487
588.5714285714286	0.0008	0.5	0.5	22.797775892497057	0.3680201801325238	0.6319798198674762	0.5423780123747315	0.4576219876252685	0.7569480428280247
589.3877551020408	0.0008	0.5	0.5	22.796437746191685	0.367081612410663	0.6329183875893369	0.5347020432970268	0.46529795670297325	0.7929724729048541
590.204081632653	0.0008	0.5	0.5	22.775068334968722	0.3662309051224302	0.6337690948775698	0.5270159646447663	0.4729840353552337	0.8319746578131951
591.0204081632653	0.0008	0.5	0.5	22.733104015462473	0.3654734187696857	0.6345265812303144	0.5193007773004548	0.4806992226995453	0.8745296188870454
575.5102040816327	0.0007897435897435898	0.5	0.5	19.709884646154133	0.40124047150731157	0.5987595284926884	0.6899577579524124	0.3100422420475875	0.3420630946926947
576.3265306122449	0.0007897435897435898	0.5	0.5	20.320207481719855	0.39634081732279075	0.6036591826772092	0.6734834415565275	0.3265165584434724	0.37402829306323176
578.7755102040817	0.0007897435897435898	0.5	0.5	21.392112616544598	0.38752414605261626	0.6124758539473838	0.6394185635524349	0.3605814364475652	0.446519835825519
579.5918367346939	0.0007897435897435898	0.5	0.5	21.644636813415	0.3853209631894117	0.6146790368105883	0.6298899140332654	0.3701100859667346	0.46890268128845886
580.4081632653061	0.0007897435897435898	0.5	0.5	21.864626460038725	0.3833213954233117	0.6166786045766883	0.6208245348224899	0.37917546517751005	0.4912718411716792
581.2244897959183	0.0007897435897435898	0.5	0.5	22.05687870387984	0.3814850231308944	0.6185149768691057	0.6121072189856868	0.3878927810143133	0.5138923269281797
582.0408163265306	0.0007897435897435898	0.5	0.5	22.224505636948315	0.37978502695697763	0.6202149730430224	0.6036585650861573	0.3963414349138426	0.5369771436481956
582.8571428571429	0.0007897435897435898	0.5	0.5	22.369588125494612	0.3782028861713543	0.6217971138286457	0.5954205716982173	0.4045794283017826	0.5607145363565857
583.6734693877551	0.0007897435897435898	0.5	0.5	22.493529047837928	0.3767255129316141	0.623274487068386	0.5873488282747554	0.4126511717252447	0.5852841451458056
584.4897959183673	0.0007897435897435898	0.5	0.5	22.597257729685946	0.3753437075697801	0.6246562924302199	0.5794079646397985	0.4205920353602015	0.6108678424142053
585.3061224489796	0.0007897435897435898	0.5	0.5	22.681357055322817	0.37405100627661564	0.6259489937233844	0.5715687273982414	0.42843127260175873	0.6376592085417421
586.1224489795918	0.0007897435897435898	0.5	0.5	22.746142505363515	0.3728432531120646	0.6271567468879354	0.5638061339398401	0.43619386606015986	0.6658715365873368
586.9387755102041	0.0007897435897435898	0.5	0.5	22.791715455173318	0.37171816200231206	0.628281837997688	0.5560981149481243	0.4439018850518757	0.6957472108444941
587.7551020408164	0.0007897435897435898	0.5	0.5	22.81799809073172	0.37067513231691246	0.6293248676830875	0.5484245288307207	0.4515754711692793	0.7275685331119598
588.5714285714286	0.0007897435897435898	0.5	0.5	22.824756717757825	0.3697152162213817	0.6302847837786183	0.540766386257681	0.45923361374231897	0.7616713978101999
589.3877551020408	0.0007897435897435898	0.5	0.5	22.81161659473707	0.36884109144004806	0.6311589085599519	0.533105155241468	0.46689484475853205	0.7984637998394523
590.204081632653	0.0007897435897435898	0.5	0.5	22.778071275771502	0.36805733531291784	0.6319426646870822	0.5254221568884755	0.47457784311152457	0.8384508263413298
591.0204081632653	0.0007897435897435898	0.5	0.5	22.72348634911392	0.3673705847651154	0.6326294152348846	0.5176978671751472	0.4823021328248528	0.8822710895093905
574.6938775510204	0.0007794871794871795	0.5	0.5	19.271802543006313	0.4067384620838225	0.5932615379161775	0.7034221675882049	0.29657783241179514	0.31434668027226687
575.5102040816327	0.0007794871794871795	0.5	0.5	20.108004357760166	0.40010318144155776	0.5998968185584422	0.6822022396319187	0.31779776036808116	0.3541196457700742
576.3265306122449	0.0007794871794871795	0.5	0.5	20.600106193129264	0.39620825646898084	0.6037917435310192	0.6683075137678359	0.33169248623216413	0.38144809567422483
577.9591836734694	0.0007794871794871795	0.5	0.5	21.29594846902824	0.39056486427699655	0.6094351357230035	0.6461202068346987	0.35387979316530127	0.42822480104595717
578.7755102040817	0.0007794871794871795	0.5	0.5	21.565623523057763	0.38828235670749955	0.6117176432925004	0.6363747251431137	0.36362527485688634	0.45030664988590263
579.5918367346939	0.0007794871794871795	0.5	0.5	21.799610529429778	0.3862256192866657	0.6137743807133342	0.6271587009627458	0.3728412990372541	0.47222398817899564
580.4081632653061	0.0007794871794871795	0.5	0.5	22.00385192626097	0.3843458319752745	0.6156541680247255	0.618333524817729	0.38166647518227115	0.49427457752060633
581.2244897959183	0.0007794871794871795	0.5	0.5	22.18212044571255	0.3826114210950414	0.6173885789049586	0.609806628770215	0.3901933712297851	0.5166859816549999
582.0408163265306	0.0007794871794871795	0.5	0.5	22.336909971486563	0.38100100896490535	0.6189989910350946	0.6015120173171071	0.3984879826828928	0.5396510220706467
582.8571428571429	0.0007794871794871795	0.5	0.5	22.46990257874647	0.3794995308815695	0.6205004691184305	0.5934001492367879	0.4065998507632122	0.5633479231851447
583.6734693877551	0.0007794871794871795	0.5	0.5	22.58222427522691	0.37809640143087003	0.6219035985691299	0.5854322221828179	0.41456777781718207	0.5879524248488293
584.4897959183673	0.0007794871794871795	0.5	0.5	22.67460386027597	0.3767841745583396	0.6232158254416603	0.5775766633655546	0.42242333663444537	0.6136475830027806
585.3061224489796	0.0007794871794871795	0.5	0.5	22.747470304996995	0.3755578740941523	0.6244421259058477	0.5698068867723772	0.43019311322762277	0.640631960956152
586.1224489795918	0.0007794871794871795	0.5	0.5	22.80101672030344	0.37441450326279235	0.6255854967372075	0.5620997352189941	0.4379002647810058	0.669128281582188
586.9387755102041	0.0007794871794871795	0.5	0.5	22.8352423808012	0.3733528255695873	0.6266471744304126	0.5544343754311809	0.44556562456881904	0.6993930332892178
587.7551020408164	0.0007794871794871795	0.5	0.5	22.849980865591693	0.3723732262115888	0.6276267737884111	0.5467914319326196	0.4532085680673804	0.7317285099959171
588.5714285714286	0.0007794871794871795	0.5	0.5	22.844918600017188	0.37147775629588137	0.6285222437041186	0.5391522875678426	0.4608477124321573	0.7664983031660351
589.3877551020408	0.0007794871794871795	0.5	0.5	22.819606073845428	0.3706701500166477	0.6293298499833523	0.5314984136443521	0.46850158635564787	0.8041487675495479
590.204081632653	0.0007794871794871795	0.5	0.5	22.773464718670322	0.3699561984654003	0.6300438015345997	0.5238107677256885	0.47618923227431154	0.8452384752681223
574.6938775510204	0.0007692307692307692	0.5	0.5	19.844194878196852	0.40422175994699283	0.5957782400530072	0.6919045211591863	0.30809547884081356	0.33293006382944695
575.5102040816327	0.0007692307692307692	0.5	0.5	20.427858848149945	0.3996884649781808	0.6003115350218192	0.6762189524388509	0.3237810475611491	0.36275036413873235
576.3265306122449	0.0007692307692307692	0.5	0.5	20.84996026168176	0.39637957709270005	0.6036204229072999	0.6638072285493621	0.3361927714506378	0.3874708630273862
577.1428571428571	0.0007692307692307692	0.5	0.5	21.191659377873833	0.39364786312188527	0.6063521368781147	0.6529018622223292	0.34709813777767096	0.4102237082055978
577.9591836734694	0.0007692307692307692	0.5	0.5	21.48049299122897	0.3912745829424964	0.6087254170575037	0.6429008616247524	0.35709913837524776	0.43209086756315285
578.7755102040817	0.0007692307692307692	0.5	0.5	21.72968361682614	0.3891545183596037	0.6108454816403963	0.6335112227436754	0.36648877725632456	0.453621609932065
579.5918367346939	0.0007692307692307692	0.5	0.5	21.946688546962278	0.387227874778627	0.612772125221373	0.6245633624134919	0.37543663758650825	0.47515913589319736
580.4081632653061	0.0007692307692307692	0.5	0.5	22.13611342471558	0.385457194058885	0.614542805941115	0.6159480527249594	0.38405194727504055	0.49695162143961563
581.2244897959183	0.0007692307692307692	0.5	0.5	22.30095874145276	0.3838175211656586	0.6161824788343414	0.6075894794095053	0.3924105205904947	0.5192003490792002
582.8571428571429	0.0007692307692307692	0.5	0.5	22.564294494242912	0.38086732329339673	0.6191326767066033	0.5914326293895472	0.4085673706104529	0.5657754305080237
583.6734693877551	0.0007692307692307692	0.5	0.5	22.665033759816442	0.37953606928507533	0.6204639307149247	0.583557199022484	0.416442800977516	0.590448307339398
584.4897959183673	0.0007692307692307692	0.5	0.5	22.746007125197156	0.37829198063997965	0.6217080193600203	0.575777194320101	0.42422280567989895	0.6162892760019903
585.3061224489796	0.0007692307692307692	0.5	0.5	22.807507415088512	0.3771313788354182	0.6228686211645819	0.568068189080191	0.43193181091980903	0.6435041048767364
586.1224489795918	0.0007692307692307692	0.5	0.5	22.84961644854561	0.3760523412240973	0.6239476587759027	0.5604084894508636	0.4395915105491364	0.67232723165512
586.9387755102041	0.0007692307692307692	0.5	0.5	22.872238458668537	0.3750546484187479	0.6249453515812521	0.5527782164169517	0.44722178358304837	0.7030319781927566
587.7551020408164	0.0007692307692307692	0.5	0.5	22.87512265893667	0.3741396734636482	0.6258603265363518	0.5451585216338511	0.45484147836614885	0.7359441832463514
588.5714285714286	0.0007692307692307692	0.5	0.5	22.857877790641904	0.37331050588839065	0.6266894941116093	0.5375309404601969	0.46246905953980316	0.7714599857316402
589.3877551020408	0.0007692307692307692	0.5	0.5	22.819980163960633	0.37257201974616105	0.627427980253839	0.5298767259573112	0.47012327404268883	0.8100709973851155
590.204081632653	0.0007692307692307692	0.5	0.5	22.76077840461212	0.37193135270488925	0.6280686472951107	0.5221762264754242	0.47782377352457583	0.8523994468570467
573.8775510204082	0.000758974358974359	0.5	0.5	19.46757976989816	0.4091560502052261	0.590843949794774	0.7038859811504066	0.29611401884959343	0.30822777144975755
574.6938775510204	0.000758974358974359	0.5	0.5	20.227100365770085	0.4033469977291121	0.596653002270888	0.6846204726374553	0.3153795273625449	0.3436264379440105
575.5102040816327	0.000758974358974359	0.5	0.5	20.704756793343073	0.39968618925086197	0.6003138107491381	0.6711990648854458	0.32880093511455427	0.3694624445145858
576.3265306122449	0.000758974358974359	0.5	0.5	21.077943281236724	0.3967796300090895	0.6032203699909106	0.6597875283743807	0.3402124716256193	0.3924611033830927
578.7755102040817	0.000758974358974359	0.5	0.5	21.88512564850241	0.39013164277514256	0.6098683572248574	0.6308015994966533	0.3691984005033467	0.45651047900420205
581.2244897959183	0.000758974358974359	0.5	0.5	22.413479730780633	0.3851014336437022	0.6148985663562978	0.60544598646719	0.39455401353281006	0.5214495429271628
582.0408163265306	0.000758974358974359	0.5	0.5	22.543462083681288	0.38365598937746365	0.6163440106225364	0.5974105365092274	0.4025894634907727	0.5442878861932186
582.8571428571429	0.000758974358974359	0.5	0.5	22.652671270726163	0.38230609504924123	0.6176939049507588	0.5895114397752181	0.410488560224782	0.568006125065961
583.6734693877551	0.000758974358974359	0.5	0.5	22.741803432326776	0.38104493720520227	0.6189550627947977	0.5817180372654941	0.41828196273450585	0.5927803116564099
584.4897959183673	0.000758974358974359	0.5	0.5	22.811261285964775	0.37986803628077825	0.6201319637192217	0.5740043845566739	0.4259956154433261	0.6188020161402078
585.3061224489796	0.000758974358974359	0.5	0.5	22.86121541919054	0.37877284056518695	0.621227159434813	0.566347780660709	0.433652219339291	0.6462865421845714
586.1224489795918	0.000758974358974359	0.5	0.5	22.891644915155773	0.3777585036420114	0.6222414963579885	0.5587276970613269	0.44127230293867303	0.6754823517102625
586.9387755102041	0.000758974358974359	0.5	0.5	22.902364411262422	0.37682579061706817	0.6231742093829319	0.551124944836082	0.448875055163918	0.7066827715535472
587.7551020408164	0.000758974358974359	0.5	0.5	22.8930417473685	0.37597708857909456	0.6240229114209055	0.5435209741287068	0.45647902587129324	0.7402413464034199
588.5714285714286	0.000758974358974359	0.5	0.5	22.863209179462885	0.3752165900294163	0.6247834099705837	0.5358972501349579	0.46410274986504213	0.7765925898525737
589.3877551020408	0.000758974358974359	0.5	0.5	22.81226860901717	0.37455042562836915	0.6254495743716308	0.5282345713128511	0.4717654286871489	0.8162818214780754
590.204081632653	0.000758974358974359	0.5	0.5	22.73949439281421	0.37398725430298607	0.626012745697014	0.5205123989741105	0.4794876010258896	0.8600076524739115
573.8775510204082	0.0007487179487179488	0.5	0.5	19.981915887247517	0.40729321539790914	0.5927067846020909	0.6938360598201665	0.30616394017983345	0.32353550753993227
574.6938775510204	0.0007487179487179488	0.5	0.5	20.54073401182731	0.4030999955005504	0.5969000044994496	0.6788787317027859	0.32112126829721416	0.35136865819992147
575.5102040816327	0.0007487179487179488	0.5	0.5	20.95303856392957	0.39996926472399796	0.600030735276002	0.6668098285884485	0.3331901714115515	0.37487079860472644
577.1428571428571	0.0007487179487179488	0.5	0.5	21.57328819963321	0.3950920714960419	0.604907928503958	0.6463035827810656	0.35369641721893424	0.4176079669570948
577.9591836734694	0.0007487179487179488	0.5	0.5	21.81883637857404	0.3930579397091615	0.6069420602908385	0.6370540724958462	0.3629459275041538	0.4382940789653144
578.7755102040817	0.0007487179487179488	0.5	0.5	22.03254879901653	0.39120709865781594	0.608792901342184	0.6282246915177597	0.3717753084822402	0.45900770499543
581.2244897959183	0.0007487179487179488	0.5	0.5	22.519703000511146	0.3864619295653592	0.6135380704346409	0.6033674173567343	0.3966325826432658	0.5234448957042733
582.0408163265306	0.0007487179487179488	0.5	0.5	22.637525538213882	0.3850936952662203	0.6149063047337797	0.595440571303874	0.404559428696126	0.5462705550864022
582.8571428571429	0.0007487179487179488	0.5	0.5	22.73489615315932	0.38381606923127004	0.6161839307687299	0.5876304129353787	0.4123695870646213	0.5700478614861485
583.6734693877551	0.0007487179487179488	0.5	0.5	22.812339218872978	0.3826237539984677	0.6173762460015322	0.5799092353296211	0.42009076467037876	0.5949563303369011
584.4897959183673	0.0007487179487179488	0.5	0.5	22.870121963066556	0.38151352409317213	0.6184864759068278	0.5722531370379708	0.4277468629620292	0.621194905859008
585.3061224489796	0.0007487179487179488	0.5	0.5	22.908303386648864	0.3804839046836348	0.6195160953163652	0.5646407934407518	0.4353592065592482	0.648990630342338
586.1224489795918	0.0007487179487179488	0.5	0.5	22.926766677245215	0.37953506600632925	0.6204649339936708	0.5570525495954765	0.4429474504045235	0.6786088421154
586.9387755102041	0.0007487179487179488	0.5	0.5	22.92524076911835	0.37866878014532396	0.6213312198546761	0.5494696681265777	0.4505303318734224	0.7103664465022734
587.7551020408164	0.0007487179487179488	0.5	0.5	22.903314007209893	0.3778885000245291	0.6221114999754709	0.5418736714583905	0.4581263285416095	0.7446496467195571
588.5714285714286	0.0007487179487179488	0.5	0.5	22.860442431805545	0.37719961496201726	0.6228003850379827	0.5342457210927389	0.465754278907261	0.7819384260044396
589.3877551020408	0.0007487179487179488	0.5	0.5	22.795952502248667	0.3766096689658365	0.6233903310341635	0.5265658992768323	0.47343410072316766	0.8228423105746457
573.0612244897959	0.0007384615384615385	0.5	0.5	19.650130323318727	0.4118261325149235	0.5881738674850765	0.704736480689538	0.2952635193104621	0.3010268091740921
573.8775510204082	0.0007384615384615385	0.5	0.5	20.351046030087584	0.4066635852861501	0.59333641471385	0.6869802695749575	0.31301973042504255	0.3329677466421741
574.6938775510204	0.0007384615384615385	0.5	0.5	20.814470810396358	0.403230046610229	0.596769953389771	0.6740149143086018	0.32598508569139817	0.35736839437262435
575.5102040816327	0.0007384615384615385	0.5	0.5	21.18017148605359	0.40047082090550234	0.5995291790944977	0.6628748272254433	0.3371251727745566	0.3792974828789192
576.3265306122449	0.0007384615384615385	0.5	0.5	21.485623246508737	0.39810484499875526	0.6018951550012448	0.6527643832334336	0.34723561676656656	0.4001230651229116
577.1428571428571	0.0007384615384615385	0.5	0.5	21.74742084285789	0.3960076955991144	0.6039923044008855	0.6433277238700454	0.35667227612995445	0.4204766800647675
577.9591836734694	0.0007384615384615385	0.5	0.5	21.974537774583432	0.3941117471618382	0.6058882528381617	0.6343682369708322	0.3656317630291678	0.440730041974491
578.7755102040817	0.0007384615384615385	0.5	0.5	22.17238123696417	0.3923757980010097	0.6076242019989903	0.6257630498318275	0.3742369501681725	0.4611400200941866
579.5918367346939	0.0007384615384615385	0.5	0.5	22.344423319597603	0.39077291553539195	0.6092270844646082	0.6174287057758305	0.3825712942241695	0.48190732012069465
580.4081632653061	0.0007384615384615385	0.5	0.5	22.492973924875376	0.3892847099921521	0.6107152900078479	0.6093049043185661	0.39069509568143385	0.5032051278147436
581.2244897959183	0.0007384615384615385	0.5	0.5	22.619589634677098	0.3878983327197713	0.6121016672802287	0.6013458740535399	0.39865412594646016	0.525195402016531
582.0408163265306	0.0007384615384615385	0.5	0.5	22.725307916528315	0.38660476950501327	0.6133952304949868	0.5935153861358345	0.4064846138641655	0.5480396914446944
582.8571428571429	0.0007384615384615385	0.5	0.5	22.810789048915993	0.3853978549350718	0.6146021450649283	0.5857836814823641	0.41421631851763585	0.5719074399599882
583.6734693877551	0.0007384615384615385	0.5	0.5	22.87640638189505	0.3842736290868333	0.6157263709131667	0.5781254397734775	0.4218745602265226	0.5969836985440135
584.4897959183673	0.0007384615384615385	0.5	0.5	22.92230488308482	0.3832300057956753	0.6167699942043248	0.5705183907084587	0.42948160929154133	0.6234769671312094
585.3061224489796	0.0007384615384615385	0.5	0.5	22.948440249283248	0.38226656209532217	0.6177334379046778	0.5629422803488536	0.43705771965114637	0.6516284481541096
586.1224489795918	0.0007384615384615385	0.5	0.5	22.9546048275128	0.381384473578407	0.618615526421593	0.5553780648218472	0.4446219351781528	0.6817235369067935
586.9387755102041	0.0007384615384615385	0.5	0.5	22.940444507581592	0.3805865558424774	0.6194134441575226	0.5478072240591927	0.45219277594080737	0.7141069667462681
587.7551020408164	0.0007384615384615385	0.5	0.5	22.905468996748926	0.3798774082200954	0.6201225917799046	0.5402111207734182	0.4597888792265819	0.7492035821222255
588.5714285714286	0.0007384615384615385	0.5	0.5	22.849057498610467	0.3792637460504347	0.6207362539495653	0.5325703591506643	0.4674296408493358	0.7875475917704201
589.3877551020408	0.0007384615384615385	0.5	0.5	22.770459196155585	0.37875473286234745	0.6212452671376526	0.5248640060548961	0.4751359939451039	0.8298259548377239
573.0612244897959	0.0007282051282051283	0.5	0.5	20.122919306531106	0.4104592642493968	0.5895407357506032	0.6957569735377366	0.3042430264622635	0.3138501741705458
573.8775510204082	0.0007282051282051283	0.5	0.5	20.658583177204648	0.40658235368617257	0.5934176463138274	0.6814716409838065	0.3185283590161935	0.3398373477271244
574.6938775510204	0.0007282051282051283	0.5	0.5	21.060984219902007	0.40362793262753194	0.5963720673724681	0.6697382790554828	0.3302617209445172	0.3621507719113084
575.5102040816327	0.0007282051282051283	0.5	0.5	21.390578722084545	0.401150907359419	0.5988490926405811	0.6592868328065977	0.34071316719340233	0.382934271815676
576.3265306122449	0.0007282051282051283	0.5	0.5	21.6703814194591	0.39898229932355156	0.6010177006764484	0.6496310563192458	0.35036894368075416	0.40302494170431385
577.1428571428571	0.0007282051282051283	0.5	0.5	21.911983007335724	0.39703678761660666	0.6029632123833933	0.6405220877910923	0.3594779122089077	0.4228723964428579
577.9591836734694	0.0007282051282051283	0.5	0.5	22.12209162028851	0.395264593153208	0.604735406846792	0.6318115856621115	0.36818841433788846	0.44276786500614584
578.7755102040817	0.0007282051282051283	0.5	0.5	22.304913236668828	0.3936340552397703	0.6063659447602296	0.623402062438098	0.3765979375619019	0.4629275679290646
579.5918367346939	0.0007282051282051283	0.5	0.5	22.463210594110564	0.39212392507139315	0.6078760749286068	0.6152248178409015	0.3847751821590985	0.4835304493382579
580.4081632653061	0.0007282051282051283	0.5	0.5	22.598839541220382	0.3907194908181739	0.6092805091818261	0.6072287465030446	0.3927712534969554	0.5047382793689148
581.2244897959183	0.0007282051282051283	0.5	0.5	22.713046634566858	0.3894104458179219	0.6105895541820782	0.5993740906101336	0.4006259093898664	0.5267081084038234
582.0408163265306	0.0007282051282051283	0.5	0.5	22.806645450806137	0.3881896610590485	0.6118103389409515	0.5916286903625719	0.408371309637428	0.5496012211803009
582.8571428571429	0.0007282051282051283	0.5	0.5	22.880126594787747	0.3870524227333671	0.612947577266633	0.5839655770693855	0.4160344229306146	0.5735908179800718
583.6734693877551	0.0007282051282051283	0.5	0.5	22.93372844667926	0.3859960010223843	0.6140039989776157	0.5763613550673367	0.42363864493266334	0.5988694715462517
584.4897959183673	0.0007282051282051283	0.5	0.5	22.96748401187956	0.38501938638638195	0.614980613613618	0.5687950350539297	0.4312049649460703	0.6256575038492685
585.3061224489796	0.0007282051282051283	0.5	0.5	22.981252052146225	0.38412317762610976	0.6158768223738902	0.5612471477612638	0.4387528522387361	0.6542131044458331
586.1224489795918	0.0007282051282051283	0.5	0.5	22.974737626753793	0.38330958186579567	0.6166904181342043	0.5536990156724163	0.44630098432758375	0.6848453893369901
586.9387755102041	0.0007282051282051283	0.5	0.5	22.947505086818346	0.3825825224292239	0.6174174775707761	0.54613210071375	0.45386789928625015	0.7179320106011267
587.7551020408164	0.0007282051282051283	0.5	0.5	22.898985397412293	0.38194785904571965	0.6180521409542803	0.5385273591005083	0.46147264089949164	0.7539437851888193
588.5714285714286	0.0007282051282051283	0.5	0.5	22.828479429701027	0.3814138069289473	0.6185861930710528	0.5308645528621808	0.4691354471378193	0.7934801016251243
573.0612244897959	0.000717948717948718	0.5	0.5	20.479565036086303	0.41005978841862606	0.5899402115813739	0.6892906678509935	0.31070933214900653	0.3220998041628069
573.8775510204082	0.000717948717948718	0.5	0.5	20.929050625034982	0.4068463245303632	0.5931536754696368	0.6767624021944	0.32323759780559996	0.34512088452020523
574.6938775510204	0.000717948717948718	0.5	0.5	21.28706099701968	0.4042345947208513	0.5957654052791487	0.6658899354677926	0.33411006453220743	0.36599828234260184
575.5102040816327	0.000717948717948718	0.5	0.5	21.58709815649328	0.4019835961812523	0.5980164038187477	0.6559745534332023	0.3440254465667976	0.38590509236720144
576.3265306122449	0.000717948717948718	0.5	0.5	21.84450647785456	0.3999829293598318	0.6000170706401682	0.646692610850454	0.3533073891495459	0.4054039145762909
577.1428571428571	0.000717948717948718	0.5	0.5	22.067726414352286	0.3981715386161209	0.601828461383879	0.6378618846604218	0.36213811533957807	0.42483338634363904
577.9591836734694	0.000717948717948718	0.5	0.5	22.261894046516378	0.3965118564009769	0.603488143599023	0.629367086390212	0.3706329136097879	0.4444312614486146
578.7755102040817	0.000717948717948718	0.5	0.5	22.43032570284637	0.39497919516984403	0.6050208048301559	0.6211292025368671	0.3788707974631328	0.46438559101930815
580.4081632653061	0.000717948717948718	0.5	0.5	22.698104849510113	0.39223251204944715	0.6077674879505529	0.6052077451551992	0.39479225484480085	0.5060094846664229
581.2244897959183	0.000717948717948718	0.5	0.5	22.799929435257972	0.3909985277993598	0.6090014722006402	0.5974452840008171	0.40255471599918285	0.5279883017114256
582.0408163265306	0.000717948717948718	0.5	0.5	22.88132803081719	0.38984919061305107	0.6101508093869489	0.5897744546837099	0.4102255453162901	0.5509599294465294
582.8571428571429	0.000717948717948718	0.5	0.5	22.942641219575513	0.3887811165502785	0.6112188834497214	0.5821705466585305	0.4178294533414695	0.5751032173137147
583.6734693877551	0.000717948717948718	0.5	0.5	22.98398519329116	0.38779268998236227	0.6122073100176377	0.5746116811415866	0.42538831885841344	0.6006204686225093
584.4897959183673	0.000717948717948718	0.5	0.5	23.00528883501438	0.38688395112164736	0.6131160488783526	0.5670778422140734	0.4329221577859266	0.6277463025665644
585.3061224489796	0.000717948717948718	0.5	0.5	23.00631859576891	0.3860565279835572	0.6139434720164427	0.5595500828890604	0.44044991711093956	0.656759105999669
586.1224489795918	0.000717948717948718	0.5	0.5	22.986694507073267	0.385313708642615	0.6146862913573851	0.5520098501897661	0.44799014981023394	0.6879960765315329
586.9387755102041	0.000717948717948718	0.5	0.5	22.945899821450954	0.38466062023859515	0.6153393797614048	0.5444383429927462	0.4555616570072538	0.7218739745019199
587.7551020408164	0.000717948717948718	0.5	0.5	22.883285722877932	0.3841045372868389	0.6158954627131611	0.5368158387274468	0.4631841612725532	0.7589187022823904
588.5714285714286	0.000717948717948718	0.5	0.5	22.798072376748053	0.38365540623153116	0.6163445937684688	0.5291209269682239	0.47087907303177623	0.7998087325385126
572.2448979591836	0.0007076923076923077	0.5	0.5	20.26710793942636	0.4137241582308783	0.5862758417691216	0.697670853741323	0.302329146258677	0.3038452045163813
573.0612244897959	0.0007076923076923077	0.5	0.5	20.781172969447496	0.4101423044571426	0.5898576955428574	0.684005692700559	0.315994307299441	0.32811138472802986
573.8775510204082	0.0007076923076923077	0.5	0.5	21.173624177801553	0.40736194588707403	0.592638054112926	0.672598919024528	0.32740108097547216	0.3492652363549561
574.6938775510204	0.0007076923076923077	0.5	0.5	21.49678929136823	0.40501409077443906	0.5949859092255609	0.6623713765254452	0.3376286234745547	0.3690818736620498
575.5102040816327	0.0007076923076923077	0.5	0.5	21.771642675030247	0.4029511692927472	0.5970488307072527	0.6528875104528141	0.3471124895471858	0.388294196261358
576.3265306122449	0.0007076923076923077	0.5	0.5	22.00899449988482	0.40109689776310725	0.5989031022368928	0.6439188254294432	0.35608117457055694	0.40730712908595534
577.1428571428571	0.0007076923076923077	0.5	0.5	22.215181464897515	0.3994061951577439	0.600593804842256	0.6353270568518263	0.36467294314817356	0.4263879172020642
577.9591836734694	0.0007076923076923077	0.5	0.5	22.394206179169664	0.3978501727993435	0.6021498272006566	0.6270203732005041	0.37297962679949603	0.44573782726481953
578.7755102040817	0.0007076923076923077	0.5	0.5	22.54870735532538	0.3964093931748294	0.6035906068251705	0.6189335364655216	0.38106646353447826	0.46552524725304056
579.5918367346939	0.0007076923076923077	0.5	0.5	22.680458725682982	0.39507039780049363	0.6049296021995064	0.6110176778578842	0.3889823221421158	0.4859037917570439
580.4081632653061	0.0007076923076923077	0.5	0.5	22.79064789719605	0.39382381976876946	0.6061761802312305	0.6032345478386212	0.3967654521613789	0.5070235952563714
581.2244897959183	0.0007076923076923077	0.5	0.5	22.880043289170874	0.3926632555891741	0.6073367444108259	0.5955530176570111	0.4044469823429889	0.5290397273714453
582.0408163265306	0.0007076923076923077	0.5	0.5	22.949098418574287	0.3915846032778556	0.6084153967221444	0.5879468316164579	0.4120531683835421	0.5521194052411929
582.8571428571429	0.0007076923076923077	0.5	0.5	22.998019507145443	0.39058565938981804	0.6094143406101821	0.5803930683889147	0.4196069316110854	0.5764492607909881
583.6734693877551	0.0007076923076923077	0.5	0.5	23.026810150951327	0.38966590128220996	0.6103340987177901	0.5728710317508412	0.4271289682491588	0.602243498506619
584.4897959183673	0.0007076923076923077	0.5	0.5	23.035301028429437	0.388826401023715	0.6111735989762849	0.565361392234654	0.43463860776534596	0.629753898723938
585.3061224489796	0.0007076923076923077	0.5	0.5	23.023169410368325	0.38806985097283975	0.6119301490271603	0.557845472995234	0.4421545270047661	0.6592828092386325
586.1224489795918	0.0007076923076923077	0.5	0.5	22.98995136734237	0.3874007002805282	0.6125992997194718	0.5503045989041179	0.4496954010958821	0.6912007672673746
586.9387755102041	0.0007076923076923077	0.5	0.5	22.935048484966103	0.38682541389529534	0.6131745861047047	0.5427194410197305	0.45728055898026954	0.7259712780039247
587.7551020408164	0.0007076923076923077	0.5	0.5	22.85773018483991	0.38635288638209964	0.6136471136179004	0.535069286628898	0.46493071337110203	0.7641868242460169
572.2448979591836	0.0006974358974358975	0.5	0.5	20.612413114897233	0.4135421585581963	0.5864578414418037	0.6915594648530198	0.3084405351469802	0.31098007024828694
573.0612244897959	0.0006974358974358975	0.5	0.5	21.04829730153659	0.4105416230034498	0.5894583769965502	0.6794484178399071	0.320551582160093	0.3326742898072051
573.8775510204082	0.0006974358974358975	0.5	0.5	21.39845365065436	0.40807721618362497	0.5919227838163751	0.6688383838411137	0.3311616161588863	0.3525171506254187
574.6938775510204	0.0006974358974358975	0.5	0.5	21.692814888391457	0.40594288201688206	0.594057117983118	0.6591162316162217	0.34088376838377843	0.37151271305596906
575.5102040816327	0.0006974358974358975	0.5	0.5	21.945539914040566	0.4040411113816605	0.5959588886183396	0.6499882158846986	0.3500117841153015	0.39016067626506334
576.3265306122449	0.0006974358974358975	0.5	0.5	22.164549556256958	0.40231702689814275	0.5976829731018573	0.6412857864070917	0.35871421359290834	0.40876880016694894
577.1428571428571	0.0006974358974358975	0.5	0.5	22.354709695835357	0.40073655287058896	0.599263447129411	0.6329009721444101	0.3670990278555899	0.42755667487676924
577.9591836734694	0.0006974358974358975	0.5	0.5	22.51917866171537	0.3992771962546315	0.6007228037453686	0.624759085012465	0.375240914987535	0.4467001953028002
578.7755102040817	0.0006974358974358975	0.5	0.5	22.66006684423652	0.3979235461883334	0.6020764538116665	0.6168053485490532	0.3831946514509468	0.466354227307775
579.5918367346939	0.0006974358974358975	0.5	0.5	22.778792921093633	0.39666491063663667	0.6033350893633633	0.6089976486003111	0.3910023513996889	0.4866658356802318
581.2244897959183	0.0006974358974358975	0.5	0.5	22.953143214928154	0.39440573011748326	0.6055942698825167	0.593691093834919	0.4063089061650809	0.5298646519382001
582.0408163265306	0.0006974358974358975	0.5	0.5	23.00965120997208	0.3933975081172966	0.6066024918827033	0.5861400406483103	0.4138599593516897	0.553082345047792
582.8571428571429	0.0006974358974358975	0.5	0.5	23.045899765125682	0.39246817502630477	0.6075318249736952	0.5786275714977138	0.4213724285022861	0.5776330768788794
583.6734693877551	0.0006974358974358975	0.5	0.5	23.06178729870763	0.3916182621711423	0.6083817378288577	0.5711338573841953	0.4288661426158047	0.6037455280708501
584.4897959183673	0.0006974358974358975	0.5	0.5	23.05705041177178	0.3908498995596753	0.6091501004403247	0.5636399907312852	0.43636000926871477	0.6316918967993372
585.3061224489796	0.0006974358974358975	0.5	0.5	23.031278983184585	0.390166908848645	0.609833091151355	0.5561273130143137	0.44387268698568627	0.6618029867034726
586.1224489795918	0.0006974358974358975	0.5	0.5	22.983925077138814	0.38957501626434965	0.6104249837356504	0.548576765622973	0.451423234377027	0.6944891121077565
586.9387755102041	0.0006974358974358975	0.5	0.5	22.91430703248226	0.389082205620078	0.610917794379922	0.5409681941892978	0.45903180581070224	0.7302700889316918
587.7551020408164	0.0006974358974358975	0.5	0.5	22.821609576403453	0.38869926267093524	0.6113007373290648	0.5332795286957024	0.4667204713042976	0.7698197021576826
572.2448979591836	0.0006871794871794872	0.5	0.5	20.908281788307967	0.41378653831463735	0.5862134616853626	0.6864880805973235	0.3135119194026765	0.3161458529486151
573.0612244897959	0.0006871794871794872	0.5	0.5	21.29078222501239	0.41117775512218196	0.588822244877818	0.6753977040222827	0.3246022959777172	0.3361678224811137
573.8775510204082	0.0006871794871794872	0.5	0.5	21.607300446963684	0.4089599884063669	0.5910400115936332	0.6653905556172753	0.3346094443827247	0.3550279226998503
574.6938775510204	0.0006871794871794872	0.5	0.5	21.87692687844958	0.40700483585760455	0.5929951641423955	0.6560770383287172	0.34392296167128283	0.3733662898539672
576.3265306122449	0.0006871794871794872	0.5	0.5	22.311660421059138	0.4036380759617766	0.5963619240382234	0.6387740355435344	0.3612259644564656	0.4098136423268682
577.1428571428571	0.0006871794871794872	0.5	0.5	22.486538139790948	0.4021596356035339	0.5978403643964662	0.6305695380134373	0.36943046198656276	0.42835430234930116
577.9591836734694	0.0006871794871794872	0.5	0.5	22.63686877214938	0.4007914067039979	0.5992085932960022	0.622572372916005	0.37742762708399513	0.4473269054169676
578.7755102040817	0.0006871794871794872	0.5	0.5	22.764340895280426	0.399521180193562	0.600478819806438	0.6147358524514538	0.38526414754854627	0.4668771824535934
579.5918367346939	0.0006871794871794872	0.5	0.5	22.87008015916692	0.3983405232725654	0.6016594767274346	0.6070231880966733	0.3929768119033267	0.48714864175766676
580.4081632653061	0.0006871794871794872	0.5	0.5	22.954806534781714	0.3972437744945387	0.6027562255054613	0.5994042459473011	0.4005957540526989	0.5082903931071991
581.2244897959183	0.0006871794871794872	0.5	0.5	23.018933068930533	0.3962274696290226	0.6037725303709773	0.5918534469629237	0.40814655303707625	0.530463958750503
582.0408163265306	0.0006871794871794872	0.5	0.5	23.062630355974868	0.3952899488448671	0.6047100511551329	0.5843482993454852	0.4156517006545148	0.5538504428810751
582.8571428571429	0.0006871794871794872	0.5	0.5	23.085868810210307	0.3944312168397417	0.6055687831602583	0.5768683529361643	0.42313164706383566	0.5786584103384659
583.6734693877551	0.0006871794871794872	0.5	0.5	23.08844701518002	0.3936528661572278	0.6063471338427723	0.5693943607999613	0.43060563920003875	0.6051338874690142
584.4897959183673	0.0006871794871794872	0.5	0.5	23.07001011360001	0.392958133065738	0.607041866934262	0.5619075760023606	0.4380924239976394	0.6335733641596927
585.3061224489796	0.0006871794871794872	0.5	0.5	23.030061145160897	0.3923520690667263	0.6076479309332737	0.5543890973194742	0.4456109026805259	0.664341552631802
586.1224489795918	0.0006871794871794872	0.5	0.5	22.96796703871391	0.39184183714313636	0.6081581628568637	0.5468191946040248	0.4531808053959753	0.6978965484306924
586.9387755102041	0.0006871794871794872	0.5	0.5	22.882960298359347	0.3914371811660113	0.6085628188339887	0.539176542327722	0.46082345767227795	0.7348266432204169
587.7551020408164	0.0006871794871794872	0.5	0.5	22.774137005546745	0.3911511370199265	0.6088488629800736	0.53143726592016	0.46856273407984006	0.7759060987240081
572.2448979591836	0.0006769230769230769	0.5	0.5	21.17201594105912	0.4143225302426775	0.5856774697573225	0.6820792824559556	0.31792071754404444	0.3199824805503963
573.0612244897959	0.0006769230769230769	0.5	0.5	21.514183331346008	0.4120051045969017	0.5879948954030983	0.6717254107565757	0.32827458924342434	0.33880637484309656
573.8775510204082	0.0006769230769230769	0.5	0.5	21.802618496074075	0.4099890315543284	0.5900109684456716	0.662193802342127	0.337806197657873	0.35689637497541826
574.6938775510204	0.0006769230769230769	0.5	0.5	22.050366506352606	0.40818852268281497	0.5918114773171851	0.653218231112197	0.34678176888780304	0.37469528860679063
575.5102040816327	0.0006769230769230769	0.5	0.5	22.26484383553639	0.4065545265192888	0.5934454734807112	0.6446430723672736	0.3553569276327264	0.3924820202832203
576.3265306122449	0.0006769230769230769	0.5	0.5	22.45064952711285	0.40505629236597596	0.594943707634024	0.6363673533686758	0.3636326466313242	0.4104590036570533
577.1428571428571	0.0006769230769230769	0.5	0.5	22.610783224774682	0.4036734348092617	0.5963265651907383	0.6283205525831121	0.3716794474168879	0.4287905678260655
577.9591836734694	0.0006769230769230769	0.5	0.5	22.747251454162832	0.40239200710570694	0.5976079928942931	0.620450543674523	0.379549456325477	0.44762289259649957
578.7755102040817	0.0006769230769230769	0.5	0.5	22.86139971645137	0.4012023647340727	0.5987976352659273	0.6127169529929078	0.3872830470070922	0.46709608107515704
579.5918367346939	0.0006769230769230769	0.5	0.5	22.954106607780062	0.40009803634483604	0.5999019636551639	0.6050872483700632	0.39491275162993666	0.4873522985339804
580.4081632653061	0.0006769230769230769	0.5	0.5	23.025906249136614	0.3990747906183527	0.6009252093816473	0.5975341529228777	0.4024658470771223	0.5085434529754413
581.2244897959183	0.0006769230769230769	0.5	0.5	23.077063566623902	0.39813042280717703	0.601869577192823	0.5900340477499726	0.40996595225002735	0.5308371700804985
582.0408163265306	0.0006769230769230769	0.5	0.5	23.107626169494715	0.3972643985233437	0.6027356014766562	0.5825657237328005	0.4174342762671994	0.5544245372262084
582.8571428571429	0.0006769230769230769	0.5	0.5	23.117457937650773	0.39647781347143907	0.603522186528561	0.5751094911985515	0.4248905088014485	0.5795287143118428
583.6734693877551	0.0006769230769230769	0.5	0.5	23.10626118904015	0.39577333047968766	0.6042266695203125	0.5676464027904514	0.4323535972095487	0.6064165149259688
584.4897959183673	0.0006769230769230769	0.5	0.5	23.07359084754682	0.3951553883299448	0.6048446116700552	0.5601576112433558	0.43984238875664416	0.6354133284923985
585.3061224489796	0.0006769230769230769	0.5	0.5	23.018862488833005	0.39463040767188623	0.6053695923281137	0.5526236898480341	0.44737631015196583	0.6669245101866823
586.1224489795918	0.0006769230769230769	0.5	0.5	22.941355696036183	0.3942072033651555	0.6057927966348445	0.5450239074672206	0.45497609253277943	0.701466042934139
586.9387755102041	0.0006769230769230769	0.5	0.5	22.840213488751314	0.3938975997303482	0.6061024002696518	0.5373353518891517	0.4626646481108483	0.7397104226241863
569.795918367347	0.0006666666666666668	0.5	0.5	19.836327338846047	0.42519600843963995	0.5748039915603601	0.7188308923265333	0.2811691076734668	0.254751719448886
572.2448979591836	0.0006666666666666668	0.5	0.5	21.412278244621895	0.41508191860780547	0.5849180813921945	0.6781401719485916	0.32185982805140845	0.3228109375537632
573.0612244897959	0.0006666666666666668	0.5	0.5	21.72194759926273	0.4129950627281353	0.5870049372718646	0.6683490268577355	0.33165097314226455	0.3407228768444219
573.8775510204082	0.0006666666666666668	0.5	0.5	21.986071960260194	0.41114972774513026	0.5888502722548696	0.6592035634854337	0.34079643651456615	0.3581894712077352
574.6938775510204	0.0006666666666666668	0.5	0.5	22.213999285509725	0.4094857698935034	0.5905142301064966	0.6505121830682056	0.3494878169317944	0.3755365601399444
575.5102040816327	0.0006666666666666668	0.5	0.5	22.41134517935233	0.4079667704720194	0.5920332295279805	0.6421553407525779	0.35784465924742215	0.3929877082289907
576.3265306122449	0.0006666666666666668	0.5	0.5	22.58170570320768	0.4065690964198129	0.5934309035801871	0.6340519127641474	0.36594808723585265	0.41071631291377775
577.1428571428571	0.0006666666666666668	0.5	0.5	22.727465922655743	0.4052767807310826	0.5947232192689174	0.6261432537139542	0.37385674628604576	0.42887097344223557
577.9591836734694	0.0006666666666666668	0.5	0.5	22.850226697683617	0.4040788449637605	0.5959211550362395	0.6183847796538409	0.38161522034615925	0.4475898214156152
578.7755102040817	0.0006666666666666668	0.5	0.5	22.95104872877034	0.40296779252628345	0.5970322074737165	0.6107411071654816	0.3892588928345185	0.4670099605534746
579.5918367346939	0.0006666666666666668	0.5	0.5	23.030600097313286	0.40193872483501825	0.5980612751649818	0.6031830517698505	0.3968169482301495	0.48727473046599895
580.4081632653061	0.0006666666666666668	0.5	0.5	23.08924996876053	0.40098881243688256	0.5990111875631173	0.595685653958829	0.40431434604117084	0.5085402864738138
581.2244897959183	0.0006666666666666668	0.5	0.5	23.127129330163676	0.4001169966154706	0.5998830033845294	0.5882268092518756	0.41177319074812435	0.5309824191765686
582.0408163265306	0.0006666666666666668	0.5	0.5	23.144171333799306	0.3993238426303493	0.6006761573696507	0.5807862520363697	0.4192137479636303	0.5548044782343253
582.8571428571429	0.0006666666666666668	0.5	0.5	23.14013797915847	0.3986115160533338	0.6013884839466662	0.5733447474895401	0.42665525251045977	0.5802472896157834
583.6734693877551	0.0006666666666666668	0.5	0.5	23.11463738064398	0.3979838706019117	0.6020161293980884	0.5658833938100252	0.4341166061899749	0.6076022578791848
584.4897959183673	0.0006666666666666668	0.5	0.5	23.067134169992794	0.39744665177141525	0.6025533482285848	0.5583829562264944	0.4416170437735057	0.637229421763004
585.3061224489796	0.0006666666666666668	0.5	0.5	22.996954663395027	0.39700784221535307	0.602992157784647	0.5508231649397137	0.44917683506028633	0.669583211610266
586.1224489795918	0.0006666666666666668	0.5	0.5	22.90328777748878	0.39667819583123165	0.6033218041687683	0.5431818975789074	0.4568181024210926	0.7052504676415626
586.9387755102041	0.0006666666666666668	0.5	0.5	22.785182270336932	0.39647204490607074	0.6035279550939293	0.5354341404631824	0.4645658595368176	0.745008591579425
569.795918367347	0.0006564102564102564	0.5	0.5	20.341650391972827	0.4242055847389014	0.5757944152610986	0.7098082258278517	0.29019177417214825	0.26538415391436315
572.2448979591836	0.0006564102564102564	0.5	0.5	21.63407455879746	0.4160248569263397	0.5839751430736603	0.6745559429495858	0.3254440570504142	0.3248164248461383
573.0612244897959	0.0006564102564102564	0.5	0.5	21.916339623525328	0.4141285936694714	0.5858714063305285	0.6652114207676734	0.3347885792323266	0.34200429923048087
573.8775510204082	0.0006564102564102564	0.5	0.5	22.15881127656114	0.41243175414472893	0.5875682458552711	0.6563861907562424	0.3436138092437576	0.3589532827177871
574.6938775510204	0.0006564102564102564	0.5	0.5	22.36842100152761	0.41089071017850204	0.5891092898214979	0.6479367394484412	0.3520632605515588	0.3759155557084808
575.5102040816327	0.0006564102564102564	0.5	0.5	22.549505739657796	0.4094778619597482	0.5905221380402517	0.6397687423490181	0.3602312576509817	0.3930773892880105
576.3265306122449	0.0006564102564102564	0.5	0.5	22.70490594678213	0.40817487173589384	0.5918251282641062	0.6318156769598466	0.36818432304015336	0.41059201236622667
577.1428571428571	0.0006564102564102564	0.5	0.5	22.836522453136283	0.40696921800117003	0.59303078199883	0.624027960257947	0.3759720397420529	0.42859725911788443
577.9591836734694	0.0006564102564102564	0.5	0.5	22.94562441180988	0.4058523341914499	0.5941476658085502	0.6163669035574022	0.38363309644259785	0.4472263658145514
578.7755102040817	0.0006564102564102564	0.5	0.5	23.033031808732638	0.40481852753761977	0.5951814724623802	0.6088010747980657	0.3911989252019343	0.46661576561671253
579.5918367346939	0.0006564102564102564	0.5	0.5	23.099228954008723	0.4038643390769482	0.5961356609230518	0.6013039690833758	0.39869603091662414	0.4869116748239554
580.4081632653061	0.0006564102564102564	0.5	0.5	23.144437584620345	0.4029881700573836	0.5970118299426165	0.5938524260939908	0.4061475739060093	0.5082765728749645
581.2244897959183	0.0006564102564102564	0.5	0.5	23.168664973183787	0.40219007961345304	0.5978099203865469	0.5864254855335407	0.41357451446645926	0.5308964359921791
582.0408163265306	0.0006564102564102564	0.5	0.5	23.171735882051177	0.4014717500618381	0.5985282499381619	0.57900351666612	0.4209964833338799	0.5549894073762089
582.8571428571429	0.0006564102564102564	0.5	0.5	23.15331335848368	0.40083647568511577	0.5991635243148842	0.5715674580431208	0.4284325419568791	0.580817394390367
583.6734693877551	0.0006564102564102564	0.5	0.5	23.11291192467603	0.40028939647966066	0.5997106035203393	0.5640981668490169	0.4359018331509831	0.6087012514379525
584.4897959183673	0.0006564102564102564	0.5	0.5	23.049904510157173	0.39983773267047773	0.6001622673295223	0.5565757095336996	0.4434242904663004	0.6390427472272999
585.3061224489796	0.0006564102564102564	0.5	0.5	22.963525354210734	0.39949130421899026	0.6005086957810097	0.5489786082887516	0.4510213917112485	0.6723560666670753
586.1224489795918	0.0006564102564102564	0.5	0.5	22.852867801404948	0.3992631540593767	0.6007368459406234	0.5412828597199213	0.45871714028007876	0.7093159746535773
568.9795918367347	0.0006461538461538462	0.5	0.5	20.05065822526084	0.42819325145348197	0.571806748546518	0.7193043285474531	0.28069567145254687	0.24666443222749188
569.795918367347	0.0006461538461538462	0.5	0.5	20.71801399603061	0.42415514279926225	0.5758448572007377	0.7033971922260497	0.29660280777395037	0.2716097283930837
571.4285714285714	0.0006461538461538462	0.5	0.5	21.537924636141184	0.41908114661746426	0.5809188533825358	0.6808315430588431	0.3191684569411569	0.3091451034369615
572.2448979591836	0.0006461538461538462	0.5	0.5	21.840552423311937	0.4171260090924641	0.582873990907536	0.671251185300505	0.3287488146994951	0.32611483893154575
573.0612244897959	0.0006461538461538462	0.5	0.5	22.09889670080388	0.41539256645224704	0.5846074335477529	0.6622708415339821	0.3377291584660178	0.34270910844521074
574.6938775510204	0.0006461538461538462	0.5	0.5	22.514023481472755	0.41239920302367494	0.5876007969763251	0.6454736436388901	0.3545263563611099	0.3758490066310875
575.5102040816327	0.0006461538461538462	0.5	0.5	22.679471041049574	0.41108565729865976	0.5889143427013402	0.6374697133385772	0.3625302866614229	0.39275885526877546
576.3265306122449	0.0006461538461538462	0.5	0.5	22.820229941990934	0.4098728211242335	0.5901271788757666	0.6296479540527945	0.3703520459472056	0.41008815544688043
577.1428571428571	0.0006461538461538462	0.5	0.5	22.93781076244867	0.4087509374533823	0.5912490625466177	0.6219657991922541	0.3780342008077459	0.427967646356529
577.9591836734694	0.0006461538461538462	0.5	0.5	23.03320599969557	0.4077134495392544	0.5922865504607456	0.6143892040372844	0.38561079596271575	0.4465281894573915
578.7755102040817	0.0006461538461538462	0.5	0.5	23.107028516987874	0.4067562286959946	0.5932437713040054	0.6068898704039304	0.39311012959606967	0.46590753312769057
579.5918367346939	0.0006461538461538462	0.5	0.5	23.159599572903666	0.40587712159980105	0.594122878400199	0.5994434061520262	0.4005565938479739	0.48625657416492984
580.4081632653061	0.0006461538461538462	0.5	0.5	23.191006374197812	0.4050756946212681	0.5949243053787319	0.592028026621986	0.40797197337801405	0.507746035381722
581.2244897959183	0.0006461538461538462	0.5	0.5	23.201140141253127	0.4043531238677387	0.5956468761322613	0.5846235801559556	0.41537641984404433	0.5305743276055216
582.0408163265306	0.0006461538461538462	0.5	0.5	23.189721222585664	0.4037122261552237	0.5962877738447764	0.5772107624735664	0.4227892375264337	0.5549774418160126
582.8571428571429	0.0006461538461538462	0.5	0.5	23.15631506710666	0.4031575434790776	0.5968424565209224	0.5697704088647073	0.43022959113529274	0.5812423686296859
583.6734693877551	0.0006461538461538462	0.5	0.5	23.100341766512674	0.40269563455592094	0.597304365444079	0.5622828226630913	0.43771717733690874	0.6097254209325036
584.4897959183673	0.0006461538461538462	0.5	0.5	23.02108010337752	0.4023354526125562	0.5976645473874438	0.5547270228805653	0.4452729771194347	0.640878935860313
585.3061224489796	0.0006461538461538462	0.5	0.5	22.91766752766271	0.4020889517875685	0.5979110482124316	0.5470798581067307	0.4529201418932694	0.6752909592612947
586.1224489795918	0.0006461538461538462	0.5	0.5	22.789097298888787	0.4019720852672046	0.5980279147327954	0.5393148765271293	0.46068512347287077	0.7137463410604137
568.1632653061224	0.0006358974358974359	0.5	0.5	19.56353437729799	0.43326998141175366	0.5667300185882463	0.7324233335007744	0.2675766664992255	0.22306291446264345
568.9795918367347	0.0006358974358974359	0.5	0.5	20.513135968697853	0.42766256402886405	0.572337435971136	0.7112987549625754	0.2887012450374245	0.25503598723775667
569.795918367347	0.0006358974358974359	0.5	0.5	21.03486102510845	0.4245689649541121	0.5754310350458879	0.6981786240165198	0.30182137598348024	0.27568849471313017
571.4285714285714	0.0006358974358974359	0.5	0.5	21.75794041521457	0.4201432777694648	0.5798567222305352	0.6773345817830202	0.3226654182169799	0.31049542105174116
572.2448979591836	0.0006358974358974359	0.5	0.5	22.033790104135853	0.41836842551637765	0.5816315744836223	0.6681730258069694	0.3318269741930307	0.3267817101392942
573.0612244897959	0.0006358974358974359	0.5	0.5	22.270675298893373	0.41677775618371954	0.5832222438162805	0.6594954544770826	0.34050454552291753	0.34287670162269407
573.8775510204082	0.0006358974358974359	0.5	0.5	22.475064061125945	0.41533264690216937	0.5846673530978306	0.6511696230048135	0.34883037699518654	0.3590079659984301
574.6938775510204	0.0006358974358974359	0.5	0.5	22.651036137036492	0.41400850645691223	0.5859914935430878	0.6431075008802147	0.3568924991197852	0.3753464468910004
575.5102040816327	0.0006358974358974359	0.5	0.5	22.80127347501334	0.41278895689597334	0.5872110431040266	0.6352463646016449	0.3647536353983551	0.39203478995589863
576.3265306122449	0.0006358974358974359	0.5	0.5	22.927569421311752	0.4116628697784951	0.5883371302215049	0.627539056994527	0.37246094300547306	0.40920275348898977
577.1428571428571	0.0006358974358974359	0.5	0.5	23.031114131802333	0.41062273117403686	0.5893772688259632	0.6199484834980136	0.38005151650198643	0.42697693825856925
577.9591836734694	0.0006358974358974359	0.5	0.5	23.11266466012361	0.4096637005918527	0.5903362994081472	0.6124442701288435	0.3875557298711565	0.44548794598226216
578.7755102040817	0.0006358974358974359	0.5	0.5	23.172653151092508	0.4087830491334762	0.5912169508665238	0.6050005920930025	0.39499940790699745	0.46487663381524996
579.5918367346939	0.0006358974358974359	0.5	0.5	23.21125277143458	0.4079798364147758	0.5920201635852241	0.5975946915444189	0.4024053084555811	0.4853003923258456
580.4081632653061	0.0006358974358974359	0.5	0.5	23.22842603136772	0.4072547698613642	0.5927452301386358	0.5902057862043663	0.4097942137956338	0.5069402290980134
582.0408163265306	0.0006358974358974359	0.5	0.5	23.19745287386829	0.4060500602055939	0.5939499397944061	0.5754007031655684	0.42459929683443176	0.5547657697208208
582.8571428571429	0.0006358974358974359	0.5	0.5	23.14839225315429	0.4055803716930134	0.5944196283069866	0.5679456781012893	0.43205432189871074	0.5815258837966506
583.6734693877551	0.0006358974358974359	0.5	0.5	23.076094923367844	0.4052092941217791	0.5947907058782209	0.5604285417289442	0.43957145827105576	0.6106891209659827
584.4897959183673	0.0006358974358974359	0.5	0.5	22.979741594834906	0.4049478153790384	0.5950521846209615	0.5528268383316116	0.4471731616683884	0.6427698988209173
585.3061224489796	0.0006358974358974359	0.5	0.5	22.858367874817308	0.4048105371045645	0.5951894628954355	0.5451151978230687	0.45488480217693134	0.6784483309960451
568.1632653061224	0.0006256410256410257	0.5	0.5	20.25505067066449	0.431416084202238	0.568583915797762	0.720076142099355	0.27992385790064495	0.23759406236316352
568.9795918367347	0.0006256410256410257	0.5	0.5	20.874208210840706	0.42785917114033023	0.5721408288596698	0.7053075305139141	0.2946924694860859	0.2600153377102232
569.795918367347	0.0006256410256410257	0.5	0.5	21.314678790769484	0.4252907134702302	0.5747092865297698	0.6936863968724739	0.3063136031275261	0.2783550226394785
571.4285714285714	0.0006256410256410257	0.5	0.5	21.962920223838267	0.4213597890125618	0.5786402109874382	0.6741011477716683	0.3258988522283318	0.31114896023959404
572.2448979591836	0.0006256410256410257	0.5	0.5	22.21519704198194	0.41974041770445303	0.580259582295547	0.6652823792693946	0.3347176207306054	0.3268670730820066
573.0612244897959	0.0006256410256410257	0.5	0.5	22.43239432519073	0.41827767310080993	0.58172232689919	0.6568601174100146	0.34313988258998535	0.34253285959832525
573.8775510204082	0.0006256410256410257	0.5	0.5	22.6194482794376	0.41694278309781474	0.5830572169021851	0.6487314631967809	0.35126853680321896	0.35833163581035316
574.6938775510204	0.0006256410256410257	0.5	0.5	22.77955641377996	0.4157169135101312	0.5842830864898689	0.6408249783044122	0.35917502169558785	0.37441167008784165
575.5102040816327	0.0006256410256410257	0.5	0.5	22.91484547056718	0.4145873763024729	0.5854126236975271	0.633088055922183	0.366911944077817	0.3909032404209619
576.3265306122449	0.0006256410256410257	0.5	0.5	23.026733720438184	0.4135456034813513	0.5864543965186487	0.6254800356187206	0.37451996438127944	0.40792992269709
577.1428571428571	0.0006256410256410257	0.5	0.5	23.116142403060184	0.4125859721052793	0.5874140278947207	0.6179681266761041	0.38203187332389593	0.425616471291699
577.9591836734694	0.0006256410256410257	0.5	0.5	23.183625185967685	0.4117051477585333	0.5882948522414668	0.6105248494370447	0.38947515056295545	0.4440950846221381
578.7755102040817	0.0006256410256410257	0.5	0.5	23.229451158221924	0.410901673778083	0.589098326221917	0.6031263044027203	0.39687369559727975	0.4635114965880827
579.5918367346939	0.0006256410256410257	0.5	0.5	23.253658904635497	0.4101758139566687	0.5898241860433313	0.5957509625552284	0.40424903744477164	0.48403133028141077
581.2244897959183	0.0006256410256410257	0.5	0.5	23.236424661614176	0.40896595504635236	0.5910340449536476	0.5809900094608382	0.41900999053916177	0.5291936948207506
582.0408163265306	0.0006256410256410257	0.5	0.5	23.194171846534683	0.40849085059652945	0.5915091494034705	0.5735653714202512	0.4264346285797488	0.5543505378470277
582.8571428571429	0.0006256410256410257	0.5	0.5	23.128702222102053	0.40811158245828805	0.591888417541712	0.56608444886278	0.4339155511372201	0.5816721544219519
583.6734693877551	0.0006256410256410257	0.5	0.5	23.03923901914238	0.40783826172502863	0.5921617382749713	0.5585253385184121	0.44147466148158787	0.6116101011192892
584.4897959183673	0.0006256410256410257	0.5	0.5	22.92485960296938	0.407684340818767	0.592315659181233	0.5508635851890588	0.4491364148109412	0.6447558763649095
567.3469387755102	0.0006153846153846154	0.5	0.5	19.88079904520675	0.4357469724534712	0.5642530275465288	0.7308919877229046	0.26910801227709535	0.217699856756426
568.1632653061224	0.0006153846153846154	0.5	0.5	20.685489269486695	0.4312580753664431	0.5687419246335569	0.7128443442429226	0.2871556557570774	0.24412385201819334
568.9795918367347	0.0006153846153846154	0.5	0.5	21.18303336635723	0.4284584014097791	0.5715415985902209	0.7003392112133785	0.29966078878662145	0.26313588900187884
571.4285714285714	0.0006153846153846154	0.5	0.5	22.154760688615564	0.42271569877065357	0.5772843012293465	0.6710823014066571	0.32891769859334286	0.3111702636711236
572.2448979591836	0.0006153846153846154	0.5	0.5	22.385732996228118	0.4212338360829755	0.5787661639170245	0.6625491569484038	0.33745084305159617	0.3264034941277069
573.0612244897959	0.0006153846153846154	0.5	0.5	22.584522575071006	0.41988784521114936	0.5801121547888507	0.6543443654011004	0.3456556345988996	0.3416930129473291
573.8775510204082	0.0006153846153846154	0.5	0.5	22.754958805973143	0.41865596059038646	0.5813440394096135	0.6463857964343132	0.3536142035656868	0.3571953543468155
574.6938775510204	0.0006153846153846154	0.5	0.5	22.899566023491282	0.4175236743519861	0.5824763256480139	0.638614310898987	0.36138568910101304	0.37304305119443876
575.5102040816327	0.0006153846153846154	0.5	0.5	23.020027598799736	0.4164812659353788	0.5835187340646212	0.6309850684825526	0.36901493151744735	0.3893578252360058
577.9591836734694	0.0006153846153846154	0.5	0.5	23.245638075851485	0.41384039948044643	0.5861596005195535	0.6086237117275397	0.39137628827246024	0.44233563710147483
578.7755102040817	0.0006153846153846154	0.5	0.5	23.276894264399512	0.4131154026065276	0.5868845973934724	0.6012599325332871	0.39874006746671287	0.4617970951762172
580.4081632653061	0.0006153846153846154	0.5	0.5	23.273320241915677	0.41190426911696326	0.5880957308830368	0.5865392436864275	0.41346075631357254	0.5044564017043165
581.2244897959183	0.0006153846153846154	0.5	0.5	23.237786681407904	0.41142603056126403	0.588573969438736	0.5791429293026007	0.4208570706973993	0.5281159507685639
582.0408163265306	0.0006153846153846154	0.5	0.5	23.179024358245666	0.41104115193138246	0.5889588480686175	0.5716959307294136	0.4283040692705864	0.5537267470919935
582.8571428571429	0.0006153846153846154	0.5	0.5	23.096298870429564	0.41075897004531015	0.5892410299546899	0.5641767770757681	0.43582322292423187	0.5816862571694357
583.6734693877551	0.0006153846153846154	0.5	0.5	22.988728163268362	0.4105919010583671	0.5894080989416329	0.556561759932736	0.443438240067264	0.6125106897485137
584.4897959183673	0.0006153846153846154	0.5	0.5	22.855279278702866	0.41055643149531024	0.5894435685046898	0.5488237496442896	0.45117625035571046	0.6468887203577401
567.3469387755102	0.0006051282051282051	0.5	0.5	20.45380722198622	0.43483292886803687	0.5651670711319631	0.7210507294291235	0.2789492705708764	0.2276835018793832
568.1632653061224	0.0006051282051282051	0.5	0.5	21.03323165018945	0.43168473485828546	0.5683152651417146	0.7072212399703227	0.29277876002967723	0.24793544185347258
568.9795918367347	0.0006051282051282051	0.5	0.5	21.457840518712597	0.4293381207330275	0.5706618792669724	0.696020016346611	0.303979983653389	0.26496691537456324
571.4285714285714	0.0006051282051282051	0.5	0.5	22.334742655756887	0.42420071427946915	0.5757992857205309	0.6682414676476237	0.3317585323523763	0.3106009331407928
573.0612244897959	0.0006051282051282051	0.5	0.5	22.727334377118847	0.4216053484573722	0.5783946515426278	0.6519310768895282	0.34806892311047183	0.34036428355731635
573.8775510204082	0.0006051282051282051	0.5	0.5	22.881637336294578	0.4204710117948652	0.5795289882051349	0.6441195289120981	0.3558804710879019	0.3555981020140054
574.6938775510204	0.0006051282051282051	0.5	0.5	23.010942403992875	0.4194289152969077	0.5805710847030923	0.6364649078385085	0.36353509216149144	0.3712337468065286
575.5102040816327	0.0006051282051282051	0.5	0.5	23.11657296775867	0.4184716630866295	0.5815283369133705	0.6289283428192874	0.3710716571807125	0.38738773707223517
577.1428571428571	0.0006051282051282051	0.5	0.5	23.25983950561571	0.4167951646602765	0.5832048353397234	0.6140877673259639	0.385912232674036	0.4217331730410298
577.9591836734694	0.0006051282051282051	0.5	0.5	23.298177723402432	0.41607267945082255	0.5839273205491775	0.6067335210362648	0.39326647896373534	0.4401917029804285
579.5918367346939	0.0006051282051282051	0.5	0.5	23.308220174303436	0.4148641044572391	0.5851358955427608	0.5920493000224886	0.4079506999775114	0.48049102111022074
580.4081632653061	0.0006051282051282051	0.5	0.5	23.279333617605268	0.4143849299267485	0.5856150700732514	0.5846793306372641	0.4153206693627358	0.502747416920589
581.2244897959183	0.0006051282051282051	0.5	0.5	23.22717422937938	0.41399691878282896	0.586003081217171	0.5772641001316177	0.42273589986838234	0.5267628221831194
582.0408163265306	0.0006051282051282051	0.5	0.5	23.15104989189079	0.41370869238979463	0.5862913076102054	0.5697824504741275	0.43021754952587254	0.5528879977605122
582.8571428571429	0.0006051282051282051	0.5	0.5	23.050118707377862	0.41353176512169715	0.5864682348783028	0.5622112856509847	0.4377887143490153	0.5815746147854303
583.6734693877551	0.0006051282051282051	0.5	0.5	22.923386806845386	0.413481400033391	0.586518599966609	0.5545244673082768	0.4454755326917233	0.613419728018171
566.530612244898	0.0005948717948717949	0.5	0.5	20.14195488332709	0.43876052548913347	0.5612394745108665	0.7305914502893395	0.2694085497106606	0.2098457336308428
567.3469387755102	0.0005948717948717949	0.5	0.5	20.85903890345512	0.43499306932898696	0.5650069306710129	0.714436634300828	0.2855633656991718	0.23262990750051296
568.1632653061224	0.0005948717948717949	0.5	0.5	21.33459216319803	0.4324652559935752	0.5675347440064248	0.7024835851109362	0.2975164148890637	0.25011170251731835
568.9795918367347	0.0005948717948717949	0.5	0.5	21.707688102146523	0.4304368559453924	0.5695631440546076	0.692159469425423	0.3078405305745771	0.2657895820680213
572.2448979591836	0.0005948717948717949	0.5	0.5	22.69650681079388	0.4245643062534474	0.5754356937465527	0.6574633835169613	0.3425366164830386	0.3238986372676813
573.0612244897959	0.0005948717948717949	0.5	0.5	22.86094507921362	0.42342851319811026	0.5765714868018897	0.6496055657393535	0.35039443426064654	0.33854666484314083
573.8775510204082	0.0005948717948717949	0.5	0.5	22.999407829098274	0.42238768984746844	0.5776123101525317	0.6419209928442793	0.3580790071557209	0.3535331956156971
574.6938775510204	0.0005948717948717949	0.5	0.5	23.113468068078753	0.42143340885311487	0.5785665911468851	0.6343669561373367	0.36563304386266327	0.36897234911516835
575.5102040816327	0.0005948717948717949	0.5	0.5	23.204148836702192	0.42056024757394317	0.5794397524260568	0.6269092487893654	0.3730907512106346	0.38497764446712346
576.3265306122449	0.0005948717948717949	0.5	0.5	23.272070568108287	0.41976511185183557	0.5802348881481644	0.6195193565744364	0.3804806434255637	0.401668000895735
577.1428571428571	0.0005948717948717949	0.5	0.5	23.31754480036921	0.41904681951948336	0.5809531804805167	0.6121725791304169	0.3878274208695831	0.41917339584115026
577.9591836734694	0.0005948717948717949	0.5	0.5	23.34063483914843	0.41840589783804416	0.5815941021619558	0.6048467092677932	0.39515329073220684	0.4376407801287677
578.7755102040817	0.0005948717948717949	0.5	0.5	23.341195689040685	0.417844520709208	0.5821554792907919	0.5975210317443194	0.4024789682556805	0.45724106516481494
579.5918367346939	0.0005948717948717949	0.5	0.5	23.318900130565456	0.41736657076888223	0.5826334292311178	0.5901755003098266	0.4098244996901735	0.47817800533009575
580.4081632653061	0.0005948717948717949	0.5	0.5	23.273255211722777	0.41697782796895216	0.5830221720310479	0.5827899954284776	0.41721000457152235	0.5007001193161137
581.2244897959183	0.0005948717948717949	0.5	0.5	23.203611289914026	0.41668626180281665	0.5833137381971834	0.5753435617163176	0.4246564382836823	0.5251175851511746
582.0408163265306	0.0005948717948717949	0.5	0.5	23.109166216416416	0.4165025864585644	0.5834974135414356	0.5678135891302845	0.4321864108697155	0.5518264506024662
582.8571428571429	0.0005948717948717949	0.5	0.5	22.988964355806427	0.416440996759973	0.5835590032400271	0.5601747673967262	0.4398252326032739	0.5813456564163965
583.6734693877551	0.0005948717948717949	0.5	0.5	22.84189103357557	0.41652029559541487	0.5834797044045852	0.552397690320162	0.44760230967983816	0.6143752209386539
565.7142857142857	0.0005846153846153846	0.5	0.5	19.506967472020072	0.4442657416444405	0.5557342583555596	0.7459029977139225	0.25409700228607746	0.1847724617370247
566.530612244898	0.0005846153846153846	0.5	0.5	20.649330282147506	0.4384278092519671	0.5615721907480329	0.7221742049427311	0.27782579505726884	0.21699726122736812
567.3469387755102	0.0005846153846153846	0.5	0.5	21.195002758354974	0.43563705142487497	0.564362948575125	0.7091395161495507	0.29086048385044916	0.23532858703820694
568.1632653061224	0.0005846153846153846	0.5	0.5	21.604516910825847	0.4335032701398819	0.5664967298601181	0.6983278713800785	0.30167212861992154	0.25109725285607215
569.795918367347	0.0005846153846153846	0.5	0.5	22.2180632333442	0.4301652626474033	0.5698347373525967	0.679659470822847	0.320340529177153	0.27990524454775756
570.6122448979592	0.0005846153846153846	0.5	0.5	22.45727171490331	0.4287813136654559	0.5712186863345441	0.6711511297475192	0.3288488702524807	0.29384305144016076
572.2448979591836	0.0005846153846153846	0.5	0.5	22.837350017785795	0.4263952897279497	0.5736047102720503	0.6550745132526693	0.34492548674733076	0.32186881316786464
573.0612244897959	0.0005846153846153846	0.5	0.5	22.985334161809796	0.42535672135133673	0.5746432786486633	0.6473549253801866	0.35264507461981337	0.33623370502115846
573.8775510204082	0.0005846153846153846	0.5	0.5	23.10808626083999	0.4244065880152033	0.5755934119847967	0.6397795623821008	0.36022043761789924	0.3509883828600515
574.6938775510204	0.0005846153846153846	0.5	0.5	23.206830815874316	0.42353870787303294	0.5764612921269671	0.6323112438409418	0.3676887561590582	0.3662421006310917
575.5102040816327	0.0005846153846153846	0.5	0.5	23.28233506914427	0.4227493738424637	0.5772506261575363	0.6249194082348322	0.37508059176516784	0.3821072019387873
576.3265306122449	0.0005846153846153846	0.5	0.5	23.33502090004466	0.4220369104529079	0.5779630895470922	0.6175779454959994	0.3824220545040007	0.3987044945829982
577.1428571428571	0.0005846153846153846	0.5	0.5	23.36503747800972	0.4214014107424645	0.5785985892575355	0.6102636862638959	0.3897363137361041	0.4161688142353047
577.9591836734694	0.0005846153846153846	0.5	0.5	23.372308770947058	0.4208446188174909	0.5791553811825091	0.602955280899546	0.39704471910045397	0.4346553918234805
578.7755102040817	0.0005846153846153846	0.5	0.5	23.35656493986753	0.4203700278300971	0.579629972169903	0.5956323428918483	0.4043676571081518	0.4543473714919632
579.5918367346939	0.0005846153846153846	0.5	0.5	23.317361837704386	0.4199828787486855	0.5800171212513145	0.5882746078728207	0.4117253921271794	0.47546674853101295
580.4081632653061	0.0005846153846153846	0.5	0.5	23.254093353197863	0.41969059667300473	0.5803094033269953	0.5808612454932001	0.4191387545068	0.4982880190337251
581.2244897959183	0.0005846153846153846	0.5	0.5	23.165996678147177	0.4195031476332362	0.5804968523667638	0.5733700018478904	0.4266299981521096	0.5231591480674941
582.0408163265306	0.0005846153846153846	0.5	0.5	23.05215321926984	0.419433768194705	0.5805662318052951	0.565776238893594	0.43422376110640615	0.550532127963497
582.8571428571429	0.0005846153846153846	0.5	0.5	22.911484940529625	0.4194999841004565	0.5805000158995435	0.5580516529095592	0.44194834709044084	0.5810107997360673
565.7142857142857	0.0005743589743589744	0.5	0.5	20.379954681334045	0.44209109591991985	0.5579089040800801	0.7308508545737806	0.26914914542621937	0.20054353955010779
566.530612244898	0.0005743589743589744	0.5	0.5	21.034004620559227	0.43886977758739354	0.5611302224126065	0.716069471577377	0.283930528422623	0.22052774132865882
567.3469387755102	0.0005743589743589744	0.5	0.5	21.48936487241971	0.4365959974500002	0.5634040025499998	0.7046148659321334	0.29538513406786654	0.23656544372817712
568.1632653061224	0.0005743589743589744	0.5	0.5	21.85077675588659	0.4347480940949163	0.5652519059050837	0.6945914837939419	0.3054085162060582	0.25112013040110226
570.6122448979592	0.0005743589743589744	0.5	0.5	22.624358828290738	0.43050769818662193	0.5694923018133781	0.6685012232694857	0.3314987767305143	0.2919924052101102
572.2448979591836	0.0005743589743589744	0.5	0.5	22.96861135801494	0.4283350610046561	0.5716649389953439	0.6527684614881505	0.3472315385118496	0.3193149452842444
573.0612244897959	0.0005743589743589744	0.5	0.5	23.10035954112624	0.4273902796075081	0.5726097203924919	0.6451675431622418	0.3548324568377582	0.3334127686577484
573.8775510204082	0.0005743589743589744	0.5	0.5	23.207386287819183	0.42652905668210866	0.5734709433178913	0.6376853285649394	0.3623146714350606	0.34794582544372576
574.6938775510204	0.0005743589743589744	0.5	0.5	23.290625048769332	0.4257470513934741	0.574252948606526	0.6302888968307787	0.36971110316922134	0.3630208207409847
576.3265306122449	0.0005743589743589744	0.5	0.5	23.387617193206438	0.424413786714961	0.575586213285039	0.6156458766317428	0.3843541233682573	0.39525904526762107
577.1428571428571	0.0005743589743589744	0.5	0.5	23.401612554871477	0.42386353593580056	0.5761364640641994	0.608352905307104	0.39164709469289605	0.4126875403371732
577.9591836734694	0.0005743589743589744	0.5	0.5	23.39239776447067	0.4233943631770232	0.5766056368229767	0.6010507299294983	0.3989492700705017	0.43120119038407334
578.7755102040817	0.0005743589743589744	0.5	0.5	23.359579896990294	0.423011100734343	0.5769888992656569	0.593718888371751	0.40628111162824887	0.45099816669867016
579.5918367346939	0.0005743589743589744	0.5	0.5	23.30259705789337	0.4227206253544086	0.5772793746455914	0.5863365564530376	0.4136634435469624	0.4723218217607846
580.4081632653061	0.0005743589743589744	0.5	0.5	23.220726117653612	0.42253225402687145	0.5774677459731286	0.5788817390532688	0.4211182609467312	0.4954781012553337
581.2244897959183	0.0005743589743589744	0.5	0.5	23.113085151712802	0.4224583734004687	0.5775416265995312	0.5713303398306597	0.42866966016934016	0.520861169895892
582.0408163265306	0.0005743589743589744	0.5	0.5	22.97863093169553	0.4225153609968248	0.5774846390031753	0.5636549632625442	0.43634503673745584	0.5489928961064886
564.8979591836735	0.0005641025641025641	0.5	0.5	19.96808182457809	0.4463539726956422	0.5536460273043577	0.7419235998611876	0.2580764001388124	0.18150047357305493
565.7142857142857	0.0005641025641025641	0.5	0.5	20.843080548324085	0.44219277457773765	0.5578072254222624	0.7234129130713882	0.27658708692861167	0.20555862653331095
566.530612244898	0.0005641025641025641	0.5	0.5	21.35942180341448	0.43972173499176254	0.5602782650082374	0.7110634324234395	0.28893656757656044	0.22214891989984442
567.3469387755102	0.0005641025641025641	0.5	0.5	21.75449563380348	0.43779331980162156	0.5622066801983785	0.7006134978267505	0.2993865021732495	0.23668913348209772
568.1632653061224	0.0005641025641025641	0.5	0.5	22.07792929311066	0.43616972400301807	0.563830275996982	0.69117463230273	0.30882536769727004	0.25030998980600433
570.6122448979592	0.0005641025641025641	0.5	0.5	22.780739093571352	0.43235332818985545	0.5676466718101446	0.6659711584536522	0.3340288415463479	0.28956125366697943
572.2448979591836	0.0005641025641025641	0.5	0.5	23.09020173951594	0.430383518829984	0.569616481170016	0.6505324155006911	0.3494675844993089	0.31622452904747683
573.0612244897959	0.0005641025641025641	0.5	0.5	23.205765660500376	0.42953034329959805	0.570469656700402	0.6430327241490275	0.35696727585097254	0.3300649689246323
573.8775510204082	0.0005641025641025641	0.5	0.5	23.296920143263677	0.4287572113294448	0.5712427886705552	0.6356288551796204	0.36437114482037963	0.34438160467343704
574.6938775510204	0.0005641025641025641	0.5	0.5	23.364348519226652	0.42806139967604356	0.5719386003239565	0.6282911809603082	0.37170881903969183	0.3592802222653672
575.5102040816327	0.0005641025641025641	0.5	0.5	23.40839902491021	0.4274421155965627	0.5725578844034372	0.620994137517027	0.3790058624829729	0.3748753626208734
576.3265306122449	0.0005641025641025641	0.5	0.5	23.429150730437833	0.4269003210259445	0.5730996789740556	0.6137147277743312	0.38628527222566883	0.3912957263114654
577.1428571428571	0.0005641025641025641	0.5	0.5	23.426459634272195	0.42643865393768043	0.5735613460623196	0.6064315227802081	0.39356847721979193	0.4086903360970205
577.9591836734694	0.0005641025641025641	0.5	0.5	23.39998633050223	0.42606150509370727	0.5739384949062928	0.5991237405975036	0.40087625940249644	0.4272364487321718
578.7755102040817	0.0005641025641025641	0.5	0.5	23.349215152740573	0.42577533928854056	0.5742246607114594	0.591770510365698	0.40822948963430183	0.4471495178432535
579.5918367346939	0.0005641025641025641	0.5	0.5	23.27346251227009	0.4255888088688691	0.5744111911311309	0.5843499592978635	0.41565004070213657	0.4686989917247497
580.4081632653061	0.0005641025641025641	0.5	0.5	23.171882771416882	0.4255135585428235	0.5744864414571765	0.5768384170519536	0.4231615829480465	0.49222872032411286
581.2244897959183	0.0005641025641025641	0.5	0.5	23.04346681759998	0.42556497091269474	0.5744350290873053	0.5692092474840564	0.4307907525159436	0.5181900098214239
582.0408163265306	0.0005641025641025641	0.5	0.5	22.88703612518681	0.42576343407341344	0.5742365659265866	0.561431321300288	0.4385686786997119	0.5471933516768213
564.8979591836735	0.0005538461538461539	0.5	0.5	20.60556201107401	0.4456675704010866	0.5543324295989134	0.7314474689985607	0.2685525310014393	0.19011984350740335
565.7142857142857	0.0005538461538461539	0.5	0.5	21.21052294562308	0.4428914640253617	0.5571085359746383	0.7177382124966786	0.28226178750332137	0.20778319660782946
566.530612244898	0.0005538461538461539	0.5	0.5	21.647164781676896	0.4408574230390345	0.5591425769609655	0.7067357956887035	0.2932642043112965	0.22244222563711075
567.3469387755102	0.0005538461538461539	0.5	0.5	21.99707947086789	0.43918722018105943	0.5608127798189405	0.6969958168896371	0.30300418311036287	0.2358834445217599
568.9795918367347	0.0005538461538461539	0.5	0.5	22.536288952047908	0.4364796438540222	0.5635203561459778	0.6795288094593157	0.3204711905406844	0.2613477647116614
571.4285714285714	0.0005538461538461539	0.5	0.5	23.07750659476426	0.4333852907877227	0.5666147092122773	0.6558758543561132	0.3441241456438869	0.29940464954506213
572.2448979591836	0.0005538461538461539	0.5	0.5	23.201903419845948	0.43254157120246167	0.5674584287975384	0.6483547564609798	0.3516452435390202	0.3125778840469423
573.0612244897959	0.0005538461538461539	0.5	0.5	23.301187184527166	0.43177884797017035	0.5682211520298297	0.6409403684330948	0.3590596315669053	0.32616492688922893
573.8775510204082	0.0005538461538461539	0.5	0.5	23.37619705464203	0.43109392161497134	0.5689060783850287	0.6336009435488007	0.36639905645119936	0.34026513118910123
577.1428571428571	0.0005538461538461539	0.5	0.5	23.438650320368875	0.42913320125503246	0.5708667987449676	0.604490085373263	0.39550991462673707	0.4041289801727268
577.9591836734694	0.0005538461538461539	0.5	0.5	23.39403193493856	0.42885374497186496	0.5711462550281351	0.5971640782115476	0.40283592178845246	0.4227087764529532
578.7755102040817	0.0005538461538461539	0.5	0.5	23.324305035455833	0.4286717377794508	0.5713282622205492	0.5897757469451458	0.4102242530548542	0.4427466615507271
579.5918367346939	0.0005538461538461539	0.5	0.5	23.228660354823432	0.4285981599330793	0.5714018400669206	0.5823017348564493	0.41769826514355063	0.46454248121761993
580.4081632653061	0.0005538461538461539	0.5	0.5	23.106121300299	0.42864746545717614	0.571352534542824	0.5747160002636543	0.4252839997363458	0.48848668631719183
581.2244897959183	0.0005538461538461539	0.5	0.5	22.955540705443454	0.4288388255271787	0.5711611744728212	0.5669884368469302	0.43301156315306977	0.5151022416423348
564.8979591836735	0.0005435897435897435	0.5	0.5	21.035998054487383	0.44612444426980785	0.5538755557301922	0.7247444124570807	0.2752555875429193	0.19336573785687905
565.7142857142857	0.0005435897435897435	0.5	0.5	21.526375693740246	0.4439447086710634	0.5560552913289366	0.7129938054475413	0.2870061945524587	0.20834595618622925
566.530612244898	0.0005435897435897435	0.5	0.5	21.907551410748084	0.44221567754052626	0.5577843224594737	0.7028799338173576	0.2971200661826425	0.22168103630635688
567.3469387755102	0.0005435897435897435	0.5	0.5	22.221114934679854	0.44075250256350745	0.5592474974364925	0.693673654893124	0.30632634510687595	0.23425283686545487
569.795918367347	0.0005435897435897435	0.5	0.5	22.901064357328085	0.4373162232027366	0.5626837767972634	0.6689078574544141	0.33109214254558594	0.2706651170704339
570.6122448979592	0.0005435897435897435	0.5	0.5	23.062145409452356	0.43639452392734496	0.563605476072655	0.6611997211113281	0.33880027888867187	0.28293596798209053
571.4285714285714	0.0005435897435897435	0.5	0.5	23.19571666670579	0.43556169040539505	0.564438309594605	0.6536528739053465	0.3463471260946535	0.29546499111285385
572.2448979591836	0.0005435897435897435	0.5	0.5	23.303377343568794	0.4348110377115987	0.5651889622884013	0.6462246699096991	0.35377533009030093	0.30834796039697876
573.0612244897959	0.0005435897435897435	0.5	0.5	23.386146525014603	0.43413866713436366	0.5658613328656363	0.638880794725854	0.3611192052741459	0.3216794395975286
573.8775510204082	0.0005435897435897435	0.5	0.5	23.444618243559376	0.4335428692227618	0.5664571307772381	0.6315924347253162	0.3684075652746837	0.33555807410433836
574.6938775510204	0.0005435897435897435	0.5	0.5	23.479059043247773	0.43302379359152676	0.5669762064084732	0.6243343872706163	0.37566561272938376	0.3500914670769424
575.5102040816327	0.0005435897435897435	0.5	0.5	23.489470834692604	0.4325833708075853	0.5674166291924146	0.6170837428121827	0.38291625718781724	0.36540104748804947
577.1428571428571	0.0005435897435897435	0.5	0.5	23.437123541091356	0.4319548621343332	0.5680451378656667	0.6025182001099492	0.3974817998900507	0.39894351666238254
577.9591836734694	0.0005435897435897435	0.5	0.5	23.37334513589641	0.4317800258524512	0.5682199741475488	0.5951601497608997	0.4048398502391003	0.417553693286317
578.7755102040817	0.0005435897435897435	0.5	0.5	23.283523457331565	0.4317110413960009	0.5682889586039991	0.5877214701703136	0.4122785298296864	0.43772047253832636
579.5918367346939	0.0005435897435897435	0.5	0.5	23.166714481715477	0.43176158325440944	0.5682384167455906	0.5801766073144939	0.41982339268550617	0.45978105773149275
580.4081632653061	0.0005435897435897435	0.5	0.5	23.021800682137656	0.4319497292905807	0.5680502707094193	0.5724962937045308	0.42750370629546913	0.48418309613738875
564.8979591836735	0.0005333333333333334	0.5	0.5	21.38866669989384	0.44706222222140923	0.5529377777785908	0.7194391975241874	0.28056080247581267	0.19435481916099714
565.7142857142857	0.0005333333333333334	0.5	0.5	21.80778997706743	0.44525664034977847	0.5547433596502216	0.7088486970344318	0.29115130296556824	0.20768212949494683
566.530612244898	0.0005333333333333334	0.5	0.5	22.146333037915934	0.44376223057486475	0.5562377694251353	0.6993754955787111	0.3006245044212889	0.22001115405450103
569.795918367347	0.0005333333333333334	0.5	0.5	23.04396442128754	0.4394100736409334	0.5605899263590666	0.6665060908401805	0.33349390915981947	0.2668031218967035
570.6122448979592	0.0005333333333333334	0.5	0.5	23.187103330446845	0.4385895907948639	0.5614104092051361	0.6589286676682923	0.3410713323317078	0.2787086615617108
572.2448979591836	0.0005333333333333334	0.5	0.5	23.39416518228393	0.4371945836819104	0.5628054163180896	0.6441318146261005	0.3558681853738995	0.3034998392098323
573.0612244897959	0.0005333333333333334	0.5	0.5	23.460053600318997	0.4366133181487729	0.5633866818512271	0.6368443389229897	0.3631556610770103	0.3165677406334695
574.6938775510204	0.0005333333333333334	0.5	0.5	23.518498188781635	0.4356818581731996	0.5643181418268004	0.6223568702253045	0.37764312977469555	0.34454607030558465
575.5102040816327	0.0005333333333333334	0.5	0.5	23.5109832127337	0.43533654888180423	0.5646634511181957	0.6151107204105086	0.3848892795894914	0.3596926664622178
577.1428571428571	0.0005333333333333334	0.5	0.5	23.42066587011684	0.43491264173750643	0.5650873582624936	0.6005041588541026	0.3994958411458974	0.3930597375749891
577.9591836734694	0.0005333333333333334	0.5	0.5	23.33656998028675	0.43485112604746673	0.5651488739525332	0.5930987465996477	0.4069012534003523	0.4116894378898477
579.5918367346939	0.0005333333333333334	0.5	0.5	23.085941889726463	0.4350947806318534	0.5649052193681466	0.5779564321522509	0.42204356784774916	0.45432219687646264
580.4081632653061	0.0005333333333333334	0.5	0.5	22.917047925256576	0.43543981466047593	0.5645601853395241	0.5701572364980966	0.4298427635019034	0.47922669881064556
564.8979591836735	0.0005230769230769231	0.5	0.5	21.695723465687724	0.4483123858642412	0.5516876141357588	0.7149313556305412	0.28506864436945895	0.19386322804061787
565.7142857142857	0.0005230769230769231	0.5	0.5	22.06342321594524	0.4467783373926658	0.5532216626073342	0.7051300068820489	0.2948699931179512	0.20600471718461777
566.530612244898	0.0005230769230769231	0.5	0.5	22.36701570069853	0.44547592519019874	0.5545240748098013	0.6961441133107189	0.3038558866892811	0.21751493565504343
568.1632653061224	0.0005230769230769231	0.5	0.5	22.83953067275493	0.44333113854735157	0.5566688614526484	0.6796093111582424	0.3203906888417576	0.2398395959578212
569.795918367347	0.0005230769230769231	0.5	0.5	23.175939832087987	0.44162409644474965	0.5583759035552504	0.664183896320877	0.335816103679123	0.26229311667130056
570.6122448979592	0.0005230769230769231	0.5	0.5	23.301261469488217	0.44090245682945767	0.5590975431705423	0.6567167284377647	0.34328327156223515	0.2738351950968357
571.4285714285714	0.0005230769230769231	0.5	0.5	23.400207597308768	0.44026056378357153	0.5597394362164284	0.6493551475005866	0.3506448524994133	0.2857053260512894
572.2448979591836	0.0005230769230769231	0.5	0.5	23.47368594867026	0.43969575942189865	0.5603042405781012	0.6420660682229613	0.35793393177703864	0.29798956643082736
573.0612244897959	0.0005230769230769231	0.5	0.5	23.52219472595986	0.43920734390547955	0.5607926560945204	0.6348212961552758	0.3651787038447241	0.31077873227002256
574.6938775510204	0.0005230769230769231	0.5	0.5	23.544747675454904	0.43846624565811315	0.5615337543418868	0.6203667501450365	0.37963324985496344	0.33828248313797504
575.5102040816327	0.0005230769230769231	0.5	0.5	23.51839567014034	0.43822131120222074	0.5617786887977793	0.613111761386194	0.3868882386138059	0.35324220809536533
576.3265306122449	0.0005230769230769231	0.5	0.5	23.46634262869129	0.43806856372965597	0.561931436270344	0.6058087349162705	0.3941912650837295	0.3692105226329119
577.1428571428571	0.0005230769230769231	0.5	0.5	23.38789008194044	0.4380173590787889	0.5619826409212111	0.5984346361519038	0.40156536384809616	0.386383823813196
577.9591836734694	0.0005230769230769231	0.5	0.5	23.282156956486862	0.4380799735895059	0.5619200264104941	0.5909644930936566	0.4090355069063434	0.40501174750274826
578.7755102040817	0.0005230769230769231	0.5	0.5	23.148082075105915	0.4382727015964944	0.5617272984035055	0.5833702836569052	0.4166297163430947	0.4254192077288071
579.5918367346939	0.0005230769230769231	0.5	0.5	22.98441784583182	0.438617130615914	0.561382869384086	0.5756192559715542	0.42438074402844583	0.44804319075155813
565.7142857142857	0.0005128205128205128	0.5	0.5	22.298242842481503	0.44848156618797197	0.551518433812028	0.701733145051281	0.2982668549487191	0.2034278879652506
566.530612244898	0.0005128205128205128	0.5	0.5	22.571817740034444	0.4473435133445587	0.5526564866554412	0.693131316329618	0.3068686836703819	0.2142355561013827
568.1632653061224	0.0005128205128205128	0.5	0.5	22.9983772468358	0.44545526836369503	0.5545447316363049	0.6770760479676372	0.3229239520323628	0.2354915294282888
569.795918367347	0.0005128205128205128	0.5	0.5	23.296777358595286	0.4439593746681404	0.5560406253318596	0.6619274100778643	0.3380725899221357	0.2571047870689738
570.6122448979592	0.0005128205128205128	0.5	0.5	23.40421273564159	0.4433355045094934	0.5566644954905067	0.6545520625264692	0.34544793747353075	0.26827676779938997
571.4285714285714	0.0005128205128205128	0.5	0.5	23.485485040963837	0.44278908459448246	0.5572109154055175	0.6472586834491655	0.3527413165508345	0.27980157307481895
572.2448979591836	0.0005128205128205128	0.5	0.5	23.54122927435337	0.4423190492753686	0.5576809507246314	0.6400172755349429	0.3599827244650571	0.2917626112077371
573.8775510204082	0.0005128205128205128	0.5	0.5	23.576960436623963	0.4416132753520471	0.5583867246479529	0.6255877499004892	0.3744122500995108	0.31736318199174524
574.6938775510204	0.0005128205128205128	0.5	0.5	23.55668835181511	0.4413846296233244	0.5586153703766756	0.6183529846803515	0.38164701531964856	0.3312195016888028
575.5102040816327	0.0005128205128205128	0.5	0.5	23.510444124854953	0.44124684578682105	0.5587531542131791	0.6110748561743797	0.3889251438256204	0.3459567952253603
577.1428571428571	0.0005128205128205128	0.5	0.5	23.337207120333808	0.44128200319772476	0.5587179968022753	0.5962941538595786	0.40370584614042143	0.37879609147778165
577.9591836734694	0.0005128205128205128	0.5	0.5	23.20833133239546	0.4414822799753651	0.558517720024635	0.5887391895529042	0.4112608104470959	0.3973852241807509
578.7755102040817	0.0005128205128205128	0.5	0.5	23.049714554864952	0.44183008513604133	0.5581699148639587	0.5810333060959102	0.41896669390408986	0.41787765012081585
567.3469387755102	0.0005025641025641026	0.5	0.5	22.970499742564556	0.4484822462357308	0.5515177537642691	0.6823453078622916	0.3176546921377083	0.22029025621213408
568.1632653061224	0.0005025641025641026	0.5	0.5	23.145345249364702	0.44770781751463823	0.5522921824853617	0.6746407152074173	0.3253592847925826	0.23043015365782124
569.795918367347	0.0005025641025641026	0.5	0.5	23.406104930034648	0.4464181247902141	0.553581875209786	0.6597238691307054	0.3402761308692947	0.2511975257649668
570.6122448979592	0.0005025641025641026	0.5	0.5	23.495407537894156	0.44589212153525853	0.5541078784647415	0.6524233128587309	0.34757668714126916	0.26198405247174955
571.4285714285714	0.0005025641025641026	0.5	0.5	23.558556812760692	0.4454425749905524	0.5545574250094476	0.6451829245742057	0.35481707542579427	0.27314173186924545
573.8775510204082	0.0005025641025641026	0.5	0.5	23.5934809488676	0.44456672239415024	0.5554332776058498	0.6235583999369376	0.3764416000630624	0.30969751424670894
574.6938775510204	0.0005025641025641026	0.5	0.5	23.553030062493495	0.44444640271956054	0.5555535972804394	0.6163034222017026	0.38369657779829736	0.3232547465785191
576.3265306122449	0.0005025641025641026	0.5	0.5	23.390598326806266	0.4445111405749142	0.5554888594250859	0.601582457980405	0.398417542019595	0.3532717515944517
577.1428571428571	0.0005025641025641026	0.5	0.5	23.266792546921476	0.444722355666143	0.5552776443338571	0.5940644183911999	0.4059355816088001	0.37014116000007813
577.9591836734694	0.0005025641025641026	0.5	0.5	23.11305423658386	0.4450774040403725	0.5549225959596275	0.5864008874744151	0.41359911252558484	0.3886303579918516
567.3469387755102	0.0004923076923076923	0.5	0.5	23.125536665835213	0.4507542142232798	0.5492457857767201	0.6798469668607058	0.3201530331392941	0.2149600334789249
568.1632653061224	0.0004923076923076923	0.5	0.5	23.28036203682242	0.4500891883120462	0.5499108116879537	0.6722864517287834	0.3277135482712165	0.22462388114269735
568.9795918367347	0.0004923076923076923	0.5	0.5	23.405789969093576	0.44950713415761934	0.5504928658423807	0.6648720334838093	0.3351279665161907	0.2344526243615239
569.795918367347	0.0004923076923076923	0.5	0.5	23.50339611247053	0.4490036150253747	0.5509963849746253	0.6575611559190514	0.3424388440809486	0.24451949690288796
570.6122448979592	0.0004923076923076923	0.5	0.5	23.574149258266868	0.4485767293233783	0.5514232706766218	0.6503192885589343	0.34968071144106583	0.25489550083767715
571.4285714285714	0.0004923076923076923	0.5	0.5	23.61856982357497	0.44822657129969834	0.5517734287003017	0.6431170243328083	0.35688297566719174	0.2656540014892667
573.0612244897959	0.0004923076923076923	0.5	0.5	23.62880817401179	0.44776647814163784	0.5522335218583622	0.6287288515270525	0.3712711484729475	0.2886429973324615
573.8775510204082	0.0004923076923076923	0.5	0.5	23.5941537037168	0.44766621357240094	0.5523337864275991	0.6214953690845306	0.3785046309154694	0.30106449216424586
574.6938775510204	0.0004923076923076923	0.5	0.5	23.532282954483478	0.44766255117518833	0.5523374488248117	0.6142041695714272	0.38579583042857285	0.3142604793252907
575.5102040816327	0.0004923076923076923	0.5	0.5	23.44241319719174	0.4477663149738827	0.5522336850261174	0.6068304785476832	0.3931695214523169	0.32838122586853224
576.3265306122449	0.0004923076923076923	0.5	0.5	23.323561590752256	0.44799179670779543	0.5520082032922046	0.5993471760518341	0.40065282394816587	0.34361648404968265
577.1428571428571	0.0004923076923076923	0.5	0.5	23.17454484491395	0.4483578339234629	0.551642166076537	0.5917233869130131	0.4082766130869868	0.3602132102144594
568.9795918367347	0.00048205128205128207	0.5	0.5	23.509377346031307	0.4521222773342115	0.5478777226657885	0.6626735338132727	0.33732646618672735	0.22739224389548968
569.795918367347	0.00048205128205128207	0.5	0.5	23.587965131568225	0.45172027158449973	0.5482797284155002	0.6554274763555099	0.34457252364449004	0.23700550243066817
570.6122448979592	0.00048205128205128207	0.5	0.5	23.63958447448026	0.45139486964122544	0.5486051303587746	0.6482286700474942	0.3517713299525058	0.24693487733535913
571.4285714285714	0.00048205128205128207	0.5	0.5	23.664508590354266	0.45114783246128254	0.5488521675387175	0.6410496578960437	0.3589503421039563	0.25724959424099964
572.2448979591836	0.00048205128205128207	0.5	0.5	23.662700965654153	0.4509827574011655	0.5490172425988346	0.6338653194542455	0.36613468054575454	0.2680257868686668
573.0612244897959	0.00048205128205128207	0.5	0.5	23.63385891719941	0.4509052261578193	0.5490947738421808	0.6266516222813664	0.3733483777186336	0.2793501029043453
573.8775510204082	0.00048205128205128207	0.5	0.5	23.577452726546507	0.45092294912213154	0.5490770508778685	0.6193845785993908	0.38061542140060933	0.2913248021532017
574.6938775510204	0.00048205128205128207	0.5	0.5	23.492727294323593	0.45104643493409635	0.5489535650659036	0.6120392485224087	0.3879607514775914	0.30407298297852464
575.5102040816327	0.00048205128205128207	0.5	0.5	23.378727783409627	0.45128949210065655	0.5487105078993435	0.6045886212894531	0.395411378710547	0.31774810566179884
576.3265306122449	0.00048205128205128207	0.5	0.5	23.234288159240243	0.45167018718584484	0.5483298128141552	0.5970021275104845	0.4029978724895155	0.33254777102815086
569.795918367347	0.0004717948717948718	0.5	0.5	23.658963370027948	0.4545735708493555	0.5454264291506444	0.653310971735747	0.3466890282642529	0.22857513959645923
570.6122448979592	0.0004717948717948718	0.5	0.5	23.69068809268631	0.4543533312944273	0.5456466687055728	0.6461397039884773	0.3538602960115227	0.23800788379470117
572.2448979591836	0.0004717948717948718	0.5	0.5	23.67218940204223	0.45416222088527425	0.5458377791147258	0.6317731071413591	0.36822689285864096	0.25807978373935636
573.0612244897959	0.0004717948717948718	0.5	0.5	23.621238420589158	0.4542042171196644	0.5457957828803356	0.6245285439018002	0.3754714560981998	0.26887399906716575
574.6938775510204	0.0004717948717948718	0.5	0.5	23.43237407367978	0.4546143347191124	0.5453856652808876	0.6097898741010812	0.3902101258989188	0.2924795071546009
575.5102040816327	0.0004717948717948718	0.5	0.5	23.292381948706108	0.4550133909506536	0.5449866090493465	0.6022384236995317	0.3977615763004683	0.3055635866359775
572.2448979591836	0.00046153846153846153	0.5	0.5	23.66368742255819	0.4575052191462939	0.5424947808537062	0.6296370208206676	0.3703629791793324	0.24687350298055105
573.0612244897959	0.00046153846153846153	0.5	0.5	23.589126031369297	0.45767723983762104	0.542322760162379	0.6223431712365626	0.3776568287634375	0.25702195835422825
573.8775510204082	0.00046153846153846153	0.5	0.5	23.484577286676465	0.4579652072835947	0.5420347927164053	0.6149520250889969	0.38504797491100307	0.26776001516580084
570.6122448979592	0.00045128205128205126	0.5	0.5	23.74481889685346	0.4607258008160175	0.5392741991839825	0.6419154929342948	0.3580845070657051	0.2167573592340178
571.4285714285714	0.00045128205128205126	0.5	0.5	23.704839229761184	0.46082469834760237	0.5391753016523976	0.6347109227795386	0.36528907722046144	0.22529272678372475
572.2448979591836	0.00045128205128205126	0.5	0.5	23.635329445553673	0.4610256235933738	0.5389743764066262	0.6274403107466685	0.3725596892533314	0.23420034056684244
569.795918367347	0.00044102564102564104	0.5	0.5	23.77916020776269	0.46402969968898516	0.5359703003110148	0.6469383540456068	0.3530616459543931	0.19665718080721648
570.6122448979592	0.00044102564102564104	0.5	0.5	23.744729992760735	0.46416164088016354	0.5358383591198363	0.6397513706952317	0.36024862930476814	0.20410282057829643
570.6122448979592	0.0004307692307692308	0.5	0.5	23.723995353795708	0.46778235033099663	0.5322176496690034	0.6375299844098503	0.36247001559014974	0.1897973414700858
569.795918367347	0.0004205128205128205	0.5	0.5	23.766540498848528	0.4711881745446184	0.5288118254553816	0.6425245033978525	0.3574754966021476	0.16815946535227644
