/*--------------------------------*- C++ -*----------------------------------*\
  =========                 |
  \\      /  F ield         | OpenFOAM: The Open Source CFD Toolbox
   \\    /   O peration     | Website:  https://openfoam.org
    \\  /    A nd           | Version:  6
     \\/     M anipulation  |
\*---------------------------------------------------------------------------*/
FoamFile
{
    version     2.0;
    format      ascii;
    class       faceSet;
    location    "constant/polyMesh/sets";
    object      inletPatch;
}
// * * * * * * * * * * * * * * * * * * * * * * * * * * * * * * * * * * * * * //


1988
(
491520 
491521 
491522 
491523 
491524 
491525 
491526 
491527 
491540 
491541 
491542 
491543 
491544 
491545 
491546 
491547 
491548 
491549 
491550 
491551 
491552 
491553 
491554 
491555 
491556 
491557 
491558 
491559 
491560 
491561 
491562 
491563 
491564 
491567 
491568 
491569 
491572 
491573 
491576 
491577 
491578 
491581 
491582 
491585 
491586 
491587 
491590 
491591 
491594 
491595 
491596 
491599 
491600 
491601 
491602 
491603 
491604 
491605 
491606 
491607 
491608 
491609 
491610 
491611 
491612 
491613 
491614 
491615 
491616 
491617 
491618 
491619 
491620 
491621 
491622 
491623 
491624 
491625 
491626 
491627 
491628 
491629 
491630 
491631 
491632 
491633 
491634 
491635 
491636 
491637 
491638 
491639 
491640 
491641 
491642 
491643 
491644 
491645 
491646 
491647 
491648 
491649 
491650 
491651 
491652 
491653 
491654 
491655 
491656 
491657 
491658 
491659 
491696 
491697 
491698 
491699 
491700 
491701 
491702 
491703 
491704 
491705 
491706 
491707 
491708 
491709 
491710 
491711 
491712 
491713 
491714 
491715 
491716 
491717 
491718 
491719 
491720 
491721 
491722 
491723 
491724 
491725 
491726 
491727 
491728 
491729 
491730 
491731 
491732 
491733 
491734 
491735 
491736 
491737 
491738 
491739 
491740 
491741 
491742 
491743 
491744 
491745 
491746 
491747 
491748 
491749 
491750 
491751 
491752 
491753 
491754 
491755 
491756 
491757 
491758 
491759 
491760 
491761 
491762 
491763 
491764 
491765 
491766 
491767 
491768 
491770 
491777 
491778 
491779 
491781 
491783 
491784 
491785 
491792 
491794 
491795 
491797 
491804 
491805 
491806 
491808 
491810 
491811 
491812 
491819 
491821 
491822 
491824 
491831 
491832 
491833 
491835 
491837 
491838 
491839 
491846 
491848 
491849 
491851 
491858 
491859 
491860 
491862 
491864 
491865 
491866 
491873 
491875 
491876 
491877 
491878 
491879 
491880 
491881 
491882 
491883 
491884 
491885 
491886 
491887 
491888 
491889 
491890 
491891 
491892 
491893 
491894 
491895 
491896 
491897 
491898 
491899 
491900 
491901 
491902 
491903 
491904 
491905 
491906 
491907 
491908 
491909 
491910 
491911 
491912 
491913 
491914 
491915 
491916 
491917 
491918 
491919 
491920 
491921 
491922 
491923 
491924 
491925 
491926 
491927 
491928 
491929 
491930 
491931 
491932 
491933 
491934 
491935 
491936 
491937 
491938 
491939 
491940 
491941 
491942 
491943 
491944 
491945 
491946 
491947 
491948 
491949 
491950 
491951 
491952 
491953 
491954 
491955 
491956 
491957 
491958 
491959 
491960 
491961 
491962 
491963 
491964 
491965 
491966 
491967 
491968 
491969 
491970 
491971 
491972 
491973 
491974 
491975 
491976 
491977 
491978 
491979 
491980 
491981 
491982 
491983 
491984 
491985 
491986 
491987 
491988 
491989 
491990 
491991 
491992 
491993 
491994 
491995 
491996 
491997 
491998 
491999 
492000 
492001 
492002 
492003 
492004 
492005 
492006 
492007 
492008 
492009 
492010 
492011 
492012 
492013 
492014 
492015 
492016 
492017 
492018 
492019 
492020 
492021 
492022 
492023 
492024 
492025 
492026 
492027 
492028 
492029 
492030 
492031 
492032 
492033 
492034 
492035 
492036 
492037 
492038 
492039 
492040 
492041 
492042 
492043 
492044 
492045 
492046 
492047 
492048 
492049 
492050 
492051 
492052 
492053 
492054 
492055 
492056 
492057 
492058 
492059 
492060 
492061 
492062 
492063 
492064 
492065 
492066 
492067 
492068 
492069 
492070 
492071 
492072 
492073 
492074 
492075 
492076 
492077 
492078 
492079 
492080 
492081 
492082 
492083 
492084 
492085 
492086 
492087 
492088 
492089 
492090 
492091 
492092 
492093 
492094 
492095 
492096 
492097 
492098 
492099 
492100 
492101 
492102 
492103 
492104 
492105 
492106 
492107 
492108 
492109 
492110 
492111 
492112 
492113 
492114 
492115 
492116 
492117 
492118 
492119 
492120 
492121 
492122 
492123 
492124 
492125 
492126 
492127 
492128 
492129 
492130 
492131 
492132 
492133 
492134 
492135 
492136 
492137 
492138 
492139 
492140 
492141 
492142 
492143 
492144 
492145 
492146 
492147 
492148 
492149 
492150 
492151 
490000 
490001 
490002 
490003 
490004 
490005 
490006 
490007 
490008 
490009 
490010 
490011 
490012 
490013 
490014 
490015 
490016 
490017 
490018 
490019 
490020 
490021 
490022 
490023 
490024 
490025 
490026 
490027 
490028 
490029 
490030 
490031 
490032 
490033 
490034 
490035 
490036 
490037 
490038 
490039 
490040 
490041 
490042 
490043 
490044 
490045 
490046 
490047 
490048 
490049 
490050 
490051 
490052 
490053 
490054 
490056 
490057 
490058 
490059 
490060 
490061 
490062 
490063 
490064 
490065 
490066 
490067 
490068 
490069 
490070 
490071 
490072 
490073 
490074 
490075 
490076 
490077 
490078 
490079 
490080 
490081 
490082 
490083 
490084 
490085 
490086 
490087 
490088 
490089 
490090 
490091 
490092 
490093 
490094 
490095 
490096 
490097 
490098 
490099 
490100 
490101 
490102 
490103 
490104 
490105 
490106 
490107 
490108 
490109 
490110 
490111 
490112 
490113 
490114 
490115 
490117 
490119 
490120 
490121 
490122 
490123 
490124 
490125 
490126 
490127 
490128 
490130 
490131 
490132 
490133 
490134 
490135 
490136 
490137 
490138 
490139 
490140 
490141 
490142 
490143 
490144 
490145 
490146 
490147 
490148 
490149 
490150 
490151 
490152 
490153 
490154 
490155 
490156 
490157 
490158 
490159 
490160 
490161 
490162 
490163 
490164 
490165 
490166 
490167 
490168 
490169 
490170 
490171 
490172 
490173 
490174 
490175 
490176 
490177 
490178 
490179 
490180 
490181 
490182 
490183 
490184 
490185 
490186 
490187 
490188 
490189 
490190 
490191 
490192 
490193 
490194 
490195 
490196 
490197 
490198 
490199 
490200 
490201 
490202 
490203 
490204 
490205 
490206 
490207 
490208 
490209 
490210 
490211 
490212 
490213 
490214 
490215 
490216 
490217 
490218 
490219 
490220 
490221 
490222 
490223 
490224 
490225 
490226 
490227 
490228 
490229 
490230 
490231 
490232 
490233 
490234 
490235 
490236 
490237 
490238 
490239 
490240 
490241 
490242 
490243 
490244 
490245 
490246 
490247 
490248 
490249 
490250 
490251 
490252 
490253 
490254 
490255 
490256 
490257 
490258 
490259 
490260 
490261 
490262 
490263 
490264 
490265 
490266 
490267 
490268 
490269 
490270 
490271 
490272 
490273 
490274 
490275 
490276 
490277 
490278 
490279 
490280 
490281 
490282 
490283 
490284 
490285 
490286 
490287 
490288 
490289 
490290 
490291 
490292 
490293 
490294 
490295 
490296 
490297 
490298 
490299 
490300 
490301 
490302 
490303 
490304 
490305 
490306 
490307 
490308 
490309 
490310 
490311 
490312 
490313 
490314 
490315 
490316 
490317 
490318 
490319 
490320 
490321 
490322 
490323 
490324 
490325 
490326 
490327 
490328 
490329 
490330 
490331 
490332 
490333 
490334 
490335 
490336 
490337 
490338 
490339 
490340 
490341 
490342 
490343 
490344 
490345 
490346 
490347 
490348 
490349 
490350 
490351 
490352 
490353 
490354 
490355 
490356 
490357 
490358 
490359 
490360 
490361 
490362 
490363 
490364 
490365 
490366 
490367 
490368 
490369 
490370 
490371 
490372 
490373 
490374 
490375 
490376 
490377 
490378 
490379 
490380 
490381 
490382 
490383 
490384 
490385 
490386 
490387 
490388 
490389 
490390 
490391 
490392 
490393 
490394 
490395 
490396 
490397 
490398 
490399 
490400 
490401 
490402 
490403 
490404 
490405 
490406 
490407 
490408 
490409 
490410 
490411 
490412 
490413 
490414 
490415 
490416 
490417 
490418 
490419 
490420 
490421 
490422 
490423 
490424 
490425 
490426 
490427 
490428 
490429 
490430 
490431 
490432 
490433 
490434 
490435 
490436 
490437 
490438 
490439 
490440 
490441 
490442 
490443 
490444 
490445 
490446 
490447 
490448 
490449 
490450 
490451 
490452 
490453 
490454 
490455 
490456 
490457 
490458 
490459 
490460 
490461 
490462 
490463 
490464 
490465 
490466 
490467 
490468 
490469 
490470 
490471 
490472 
490473 
490474 
490475 
490476 
490477 
490478 
490479 
490480 
490481 
490482 
490483 
490484 
490485 
490486 
490487 
490488 
490489 
490490 
490491 
490492 
490493 
490494 
490495 
490496 
490497 
490498 
490499 
490500 
490501 
490502 
490503 
490504 
490505 
490506 
490507 
490508 
490509 
490510 
490511 
490512 
490513 
490514 
490515 
490516 
490517 
490518 
490519 
490520 
490521 
490522 
490523 
490524 
490525 
490526 
490527 
490528 
490529 
490530 
490531 
490532 
490533 
490534 
490535 
490536 
490537 
490538 
490539 
490540 
490541 
490542 
490543 
490544 
490545 
490546 
490547 
490548 
490549 
490550 
490551 
490552 
490553 
490554 
490555 
490556 
490557 
490558 
490559 
490560 
490561 
490562 
490563 
490564 
490565 
490566 
490567 
490568 
490569 
490570 
490571 
490572 
490573 
490574 
490575 
490576 
490577 
490578 
490579 
490580 
490581 
490582 
490583 
490584 
490585 
490586 
490587 
490588 
490589 
490590 
490591 
490592 
490593 
490594 
490595 
490596 
490597 
490598 
490599 
490600 
490601 
490602 
490603 
490604 
490605 
490606 
490607 
490608 
490609 
490610 
490611 
490612 
490613 
490614 
490615 
490616 
490617 
490618 
490619 
490620 
490621 
490622 
490623 
490624 
490625 
490626 
490627 
490628 
490629 
490630 
490631 
490632 
490633 
490634 
490635 
490636 
490637 
490638 
490639 
490640 
490641 
490642 
490643 
490644 
490645 
490646 
490647 
490648 
490649 
490650 
490651 
490652 
490653 
490654 
490655 
490656 
490657 
490658 
490659 
490660 
490661 
490662 
490663 
490664 
490665 
490666 
490667 
490668 
490669 
490670 
490671 
490672 
490673 
490674 
490675 
490676 
490677 
490678 
490679 
490680 
490681 
490682 
490683 
490684 
490685 
490686 
490687 
490688 
490689 
490690 
490691 
490692 
490693 
490694 
490695 
490696 
490697 
490698 
490699 
490700 
490701 
490702 
490703 
490704 
490705 
490706 
490707 
490708 
490709 
490710 
490711 
490712 
490713 
490714 
490715 
490716 
490717 
490718 
490719 
490720 
490721 
490722 
490723 
490724 
490725 
490726 
490727 
490728 
490729 
490730 
490731 
490732 
490733 
490734 
490735 
490736 
490737 
490738 
490739 
490740 
490741 
490742 
490743 
490744 
490745 
490746 
490747 
490748 
490749 
490750 
490751 
490752 
490753 
490754 
490755 
490756 
490757 
490758 
490759 
490760 
490761 
490762 
490763 
490764 
490765 
490766 
490767 
490768 
490769 
490770 
490771 
490772 
490773 
490774 
490775 
490776 
490777 
490778 
490779 
490780 
490781 
490782 
490783 
490784 
490785 
490786 
490787 
490788 
490789 
490790 
490791 
490792 
490793 
490794 
490795 
490796 
490797 
490798 
490799 
490800 
490801 
490802 
490803 
490804 
490805 
490806 
490807 
490808 
490809 
490810 
490811 
490812 
490813 
490814 
490815 
490816 
490817 
490818 
490819 
490820 
490821 
490822 
490823 
490824 
490825 
490826 
490827 
490828 
490829 
490830 
490831 
490832 
490833 
490834 
490835 
490836 
490837 
490838 
490839 
490840 
490841 
490842 
490843 
490844 
490845 
490846 
490847 
490848 
490849 
490850 
490851 
490852 
490853 
490854 
490855 
490856 
490857 
490858 
490859 
490860 
490861 
490862 
490863 
490864 
490865 
490866 
490867 
490868 
490869 
490870 
490871 
490872 
490873 
490874 
490875 
490876 
490877 
490878 
490879 
490880 
490881 
490882 
490883 
490884 
490885 
490886 
490887 
490888 
490889 
490890 
490891 
490892 
490893 
490894 
490895 
490896 
490897 
490898 
490899 
490900 
490901 
490902 
490903 
490916 
490917 
490918 
490919 
490920 
490921 
490922 
490923 
490924 
490925 
490926 
490927 
490928 
490929 
490930 
490931 
490932 
490933 
490934 
490935 
490936 
490937 
490938 
490939 
490940 
490941 
490942 
490943 
490944 
490945 
490946 
490947 
490948 
490949 
490950 
490951 
490952 
490953 
490954 
490955 
490956 
490957 
490958 
490959 
490960 
490961 
490962 
490963 
490964 
490965 
490966 
490967 
490968 
490969 
490970 
490971 
490972 
490973 
490974 
490975 
490976 
490977 
490978 
490979 
490980 
490981 
490982 
490983 
490984 
490985 
490986 
490987 
490988 
490989 
490990 
490991 
490992 
490993 
490994 
490995 
490996 
490997 
490998 
490999 
491000 
491001 
491002 
491003 
491004 
491005 
491006 
491007 
491008 
491009 
491010 
491011 
491012 
491013 
491014 
491015 
491016 
491017 
491018 
491019 
491020 
491021 
491022 
491023 
491024 
491025 
491026 
491027 
491028 
491029 
491030 
491031 
491032 
491033 
491034 
491035 
491036 
491039 
491041 
491044 
491045 
491048 
491050 
491053 
491054 
491057 
491059 
491062 
491063 
491066 
491068 
491071 
491072 
491073 
491074 
491075 
491076 
491077 
491078 
491079 
491080 
491081 
491082 
491083 
491084 
491085 
491086 
491087 
491088 
491089 
491090 
491091 
491092 
491093 
491094 
491095 
491096 
491097 
491098 
491099 
491100 
491101 
491102 
491103 
491104 
491105 
491106 
491107 
491108 
491109 
491110 
491111 
491112 
491113 
491114 
491115 
491116 
491117 
491118 
491119 
491120 
491121 
491122 
491123 
491124 
491125 
491126 
491127 
491128 
491129 
491130 
491131 
491132 
491133 
491134 
491135 
491136 
491137 
491138 
491139 
491140 
491141 
491142 
491143 
491144 
491145 
491146 
491147 
491148 
491149 
491150 
491151 
491152 
491153 
491154 
491155 
491156 
491157 
491158 
491159 
491160 
491161 
491162 
491163 
491164 
491165 
491166 
491167 
491168 
491169 
491170 
491171 
491172 
491173 
491174 
491175 
491176 
491177 
491178 
491179 
491180 
491181 
491182 
491183 
491184 
491185 
491186 
491187 
491188 
491189 
491190 
491191 
491192 
491193 
491194 
491195 
491196 
491197 
491198 
491199 
491200 
491201 
491202 
491203 
491204 
491205 
491206 
491207 
491208 
491209 
491210 
491211 
491212 
491213 
491214 
491215 
491216 
491217 
491218 
491219 
491220 
491221 
491222 
491223 
491224 
491225 
491226 
491227 
491228 
491229 
491230 
491231 
491232 
491233 
491234 
491235 
491236 
491237 
491238 
491239 
491240 
491241 
491242 
491243 
491244 
491245 
491246 
491247 
491248 
491249 
491250 
491251 
491252 
491253 
491254 
491255 
491256 
491257 
491258 
491259 
491260 
491261 
491262 
491263 
491264 
491265 
491266 
491267 
491268 
491269 
491270 
491271 
491272 
491273 
491274 
491275 
491276 
491277 
491278 
491279 
491280 
491281 
491282 
491283 
491284 
491285 
491286 
491287 
491288 
491289 
491290 
491291 
491292 
491293 
491294 
491295 
491296 
491297 
491298 
491299 
491300 
491301 
491302 
491303 
491304 
491305 
491306 
491307 
491308 
491309 
491310 
491311 
491312 
491313 
491314 
491315 
491316 
491317 
491318 
491319 
491320 
491321 
491322 
491323 
491324 
491325 
491326 
491327 
491328 
491329 
491330 
491331 
491332 
491333 
491334 
491335 
491336 
491337 
491338 
491339 
491340 
491341 
491342 
491343 
491344 
491345 
491346 
491347 
491348 
491349 
491350 
491351 
491352 
491353 
491354 
491355 
491356 
491357 
491358 
491359 
491360 
491361 
491362 
491363 
491364 
491365 
491366 
491367 
491368 
491369 
491370 
491371 
491372 
491373 
491374 
491375 
491376 
491377 
491378 
491379 
491380 
491381 
491382 
491383 
491384 
491385 
491386 
491387 
491388 
491389 
491390 
491391 
491392 
491393 
491394 
491395 
491396 
491397 
491398 
491399 
491400 
491401 
491402 
491403 
491404 
491405 
491406 
491407 
491408 
491409 
491410 
491411 
491412 
491413 
491414 
491415 
491416 
491417 
491418 
491419 
491420 
491421 
491422 
491423 
491424 
491425 
491426 
491427 
491428 
491429 
491430 
491431 
491432 
491433 
491434 
491435 
491436 
491437 
491438 
491439 
491440 
491441 
491442 
491443 
491444 
491445 
491446 
491447 
491448 
491449 
491450 
491451 
491452 
491453 
491454 
491455 
491456 
491457 
491458 
491459 
491460 
491461 
491462 
491463 
491464 
491465 
491466 
491467 
491468 
491469 
491470 
491471 
491472 
491473 
491474 
491475 
491476 
491477 
491478 
491479 
491480 
491481 
491482 
491483 
491484 
491485 
491486 
491487 
491488 
491489 
491490 
491491 
491492 
491493 
491494 
491495 
491496 
491497 
491498 
491499 
491500 
491501 
491502 
491503 
491504 
491505 
491506 
491507 
491508 
491509 
491510 
491511 
491512 
491513 
491514 
491515 
491516 
491517 
491518 
491519 
)

// ************************************************************************* //
