/*--------------------------------*- C++ -*----------------------------------*\
  =========                 |
  \\      /  F ield         | OpenFOAM: The Open Source CFD Toolbox
   \\    /   O peration     | Website:  https://openfoam.org
    \\  /    A nd           | Version:  6
     \\/     M anipulation  |
\*---------------------------------------------------------------------------*/
FoamFile
{
    version     2.0;
    format      ascii;
    class       cellSet;
    location    "constant/polyMesh/sets";
    object      inletCells;
}
// * * * * * * * * * * * * * * * * * * * * * * * * * * * * * * * * * * * * * //


7872
(
114729 
114730 
114731 
114732 
114733 
114764 
114765 
114766 
114767 
114768 
114777 
114778 
114779 
114780 
114781 
114782 
114783 
114784 
114785 
114786 
114787 
114788 
114789 
114790 
114791 
114793 
114795 
114796 
147566 
114798 
147567 
147568 
147570 
147571 
114804 
114805 
114806 
114807 
114808 
114809 
114810 
114811 
114812 
114816 
114819 
114820 
114821 
49285 
114822 
114823 
114824 
114825 
147594 
114826 
49290 
147595 
114827 
147596 
114828 
49292 
114829 
49293 
147598 
114830 
147599 
114831 
114832 
49296 
114833 
114834 
49298 
114835 
49299 
114836 
49300 
114837 
49301 
114838 
49302 
114839 
49303 
114840 
49304 
114841 
49305 
114842 
49306 
114843 
49307 
114844 
114845 
147614 
114846 
49310 
147615 
114847 
147616 
114848 
49312 
147617 
114849 
49313 
147618 
114850 
147619 
114851 
49315 
147620 
114852 
147621 
114853 
49317 
147622 
114854 
49318 
147623 
114855 
147624 
114856 
49320 
147625 
114857 
147626 
114858 
147627 
114859 
49323 
147628 
114860 
49324 
147629 
114861 
147630 
114862 
49326 
147631 
114863 
49327 
147632 
114864 
147633 
114865 
147634 
114866 
147635 
114867 
147636 
114868 
147637 
114869 
49333 
147638 
114870 
147639 
114871 
147640 
114872 
147641 
114873 
147642 
114874 
147643 
114875 
147644 
114876 
147645 
114877 
147646 
114878 
147647 
114879 
147648 
114880 
147649 
114881 
147650 
114882 
147651 
114883 
147652 
114884 
147653 
114885 
147654 
114886 
147655 
114887 
147656 
114888 
147657 
114889 
147658 
147659 
114891 
147660 
147661 
114893 
147662 
114894 
147663 
147664 
114896 
147665 
147666 
147667 
147668 
147669 
147670 
114902 
147671 
114903 
147672 
114904 
147673 
114905 
147674 
114906 
147675 
114907 
147676 
114908 
147677 
114909 
114910 
147681 
114914 
147684 
114917 
114918 
147687 
114919 
147688 
114920 
114921 
147690 
114922 
147691 
114923 
147692 
114924 
147693 
114925 
147694 
114926 
147695 
114927 
147696 
114928 
147697 
114929 
147698 
114930 
114931 
147703 
114936 
147705 
147706 
114938 
147707 
114939 
147708 
114940 
147709 
114941 
147710 
114942 
147711 
114943 
147712 
114944 
147713 
114945 
147714 
147715 
114947 
147716 
147717 
114949 
147718 
114950 
147719 
147720 
114952 
147721 
114953 
147722 
114954 
147723 
114955 
147724 
114956 
147725 
114957 
147726 
114958 
114959 
114960 
114961 
147730 
114962 
114963 
114964 
147733 
114965 
114966 
147736 
147737 
147739 
114971 
147740 
147741 
114973 
147742 
114974 
147743 
114975 
147744 
114976 
147745 
114977 
147746 
114978 
147747 
114979 
114980 
147752 
147754 
114986 
147755 
114987 
147756 
147757 
114989 
147758 
147759 
114991 
147760 
114992 
147762 
114994 
147763 
114995 
147764 
114996 
114997 
147766 
114998 
147767 
114999 
115000 
115001 
115002 
115003 
115004 
115005 
115006 
115007 
115008 
115013 
115015 
115016 
115017 
115018 
115019 
115020 
115021 
147790 
147791 
115023 
147792 
115024 
115025 
147794 
147795 
115027 
115028 
147810 
147811 
147812 
147813 
147814 
147815 
147816 
147817 
147821 
147824 
147825 
147826 
147827 
147828 
147829 
147830 
147831 
115065 
147834 
115066 
49530 
147835 
115067 
115068 
147837 
115069 
147838 
147839 
49535 
147840 
147841 
49537 
147842 
49538 
147843 
147844 
147845 
49541 
49543 
49544 
49545 
147850 
49546 
49547 
147852 
49548 
147853 
49549 
147854 
49550 
147855 
49551 
147856 
49552 
147857 
147858 
147859 
49555 
147860 
147861 
49557 
147862 
49558 
147863 
147864 
49560 
147865 
147866 
49562 
49563 
49565 
147870 
49568 
147873 
49569 
147874 
147875 
49571 
147876 
49572 
147877 
147878 
147879 
147880 
49578 
147883 
147884 
147886 
147887 
147888 
147889 
147890 
147891 
147892 
147893 
147894 
147899 
147901 
147902 
147903 
147904 
147905 
147906 
147907 
17086 
49873 
49877 
49880 
49881 
49882 
49883 
49884 
49885 
49886 
49887 
49888 
49891 
49892 
49894 
49895 
49898 
49899 
49901 
49903 
49905 
49906 
49908 
49910 
49912 
49913 
49915 
49919 
115758 
115759 
115760 
115761 
115762 
1100 
115793 
115794 
115795 
115796 
115797 
115806 
115807 
115808 
115809 
115810 
115811 
115812 
115813 
115814 
115815 
115816 
115817 
115818 
115819 
115820 
115822 
115824 
115825 
115827 
115833 
115834 
115835 
115836 
115837 
115838 
115839 
115840 
115841 
115845 
115848 
115849 
115850 
115851 
115852 
115853 
115854 
115855 
115856 
115857 
115858 
115859 
115860 
115861 
115862 
115863 
115864 
115865 
115866 
115867 
115868 
115869 
115870 
115871 
115872 
115873 
115874 
115875 
115876 
115877 
115878 
115879 
115880 
115881 
115882 
115883 
115884 
115885 
115886 
115887 
115888 
115889 
115890 
115891 
115892 
115893 
115894 
115895 
115896 
115897 
115898 
115899 
115900 
115901 
115902 
115903 
115904 
115905 
115906 
115907 
115908 
115909 
115910 
115911 
115912 
115913 
115914 
115915 
115916 
115917 
115918 
115920 
115922 
115923 
115925 
115931 
115932 
115933 
115934 
115935 
115936 
115937 
115938 
115939 
115943 
115946 
115947 
115948 
115949 
115950 
115951 
115952 
115953 
115954 
115955 
115956 
115957 
115958 
115959 
115960 
115965 
115967 
115968 
115969 
115970 
115971 
115972 
115973 
115974 
115976 
115978 
115979 
115981 
115982 
115983 
115984 
115985 
115986 
115987 
115988 
115989 
115990 
115991 
115992 
115993 
115994 
115995 
116000 
116002 
116003 
116004 
116005 
116006 
116007 
116008 
116009 
116015 
116016 
116018 
116020 
116021 
116023 
116024 
116025 
116026 
116027 
116028 
116029 
116030 
116031 
116032 
116033 
116034 
116035 
116036 
116037 
116042 
116044 
116045 
116046 
116047 
116048 
116049 
116050 
116052 
116053 
116054 
116056 
116057 
116094 
116095 
116096 
116097 
116098 
50706 
50710 
50713 
50714 
50715 
50716 
50717 
50718 
50719 
50720 
50721 
50724 
50725 
50727 
50728 
50731 
50732 
50734 
50738 
50741 
50743 
50745 
50746 
50748 
50750 
50752 
50753 
50951 
50955 
50958 
50959 
50960 
50961 
50962 
50963 
50964 
50965 
50966 
50969 
50970 
50972 
50973 
50976 
50977 
50979 
50983 
50986 
50988 
50990 
50991 
50993 
50995 
50997 
50998 
149533 
149534 
149535 
149537 
149538 
149561 
149562 
149563 
149565 
149566 
149581 
149582 
149583 
149584 
149585 
149586 
149587 
149588 
149589 
149590 
149591 
149592 
149593 
149594 
149595 
149596 
149597 
149598 
149599 
149600 
149601 
149602 
149603 
149604 
149605 
149606 
149607 
149608 
149609 
149610 
149611 
149612 
149613 
149614 
149615 
149616 
149617 
149618 
149619 
149620 
149621 
149622 
149623 
149624 
149625 
149626 
149627 
149628 
149629 
149630 
149631 
149632 
149633 
149634 
149635 
149636 
149637 
149638 
149639 
149640 
149641 
149642 
149643 
149644 
149648 
149651 
149653 
149655 
149656 
149658 
149659 
149660 
149661 
149662 
149663 
149664 
149665 
149666 
149667 
149668 
149669 
149670 
149671 
149672 
149677 
149679 
149680 
149681 
149682 
149683 
149684 
149685 
149686 
149687 
149688 
149689 
149690 
149691 
149692 
149693 
149697 
149700 
149702 
149704 
149705 
149707 
149708 
149709 
149710 
149711 
149712 
149713 
149714 
149715 
149716 
149717 
149718 
149719 
149720 
149721 
149726 
149729 
149730 
149731 
149733 
149734 
2285 
149757 
149758 
149759 
149761 
149762 
149777 
149778 
149779 
149780 
149781 
149782 
149783 
149784 
149788 
149791 
149792 
149793 
149794 
149795 
2339 
149796 
149797 
149798 
149800 
149802 
149803 
149805 
149806 
149807 
149808 
149809 
149810 
149811 
149812 
149813 
149814 
149815 
149816 
149817 
149818 
149819 
149824 
149826 
149827 
149828 
149829 
149830 
149831 
149832 
149833 
149837 
149840 
149841 
149842 
149843 
149844 
149845 
149846 
149847 
149849 
149851 
149852 
149854 
149855 
149856 
149857 
149858 
149859 
149860 
149861 
149862 
149863 
149864 
149865 
149866 
149867 
149868 
149873 
117130 
117131 
117132 
117133 
117134 
117158 
117159 
117160 
117161 
117162 
117178 
117179 
117180 
117181 
117182 
117183 
117184 
117185 
117186 
117187 
117188 
117189 
117190 
117191 
117192 
117193 
2505 
117194 
117195 
117196 
117197 
117198 
117199 
117200 
117201 
117202 
117203 
117204 
117205 
117206 
117207 
117208 
117209 
117210 
117211 
117212 
117213 
117214 
117215 
117216 
117217 
117218 
117219 
117220 
117221 
117222 
117223 
117224 
117225 
117226 
117227 
117228 
117229 
117230 
117231 
117232 
117233 
117234 
117235 
117236 
117237 
117238 
117239 
117240 
117241 
117243 
117245 
117246 
117248 
117253 
117255 
117256 
117257 
117258 
117259 
117260 
117261 
117262 
117263 
117264 
117265 
117266 
117267 
117268 
117269 
117273 
117276 
117277 
117278 
117279 
117280 
117281 
117282 
117283 
117284 
117285 
117286 
117287 
117288 
117289 
117290 
117292 
117294 
117295 
117297 
117302 
117304 
117305 
117306 
117307 
117308 
117309 
117310 
117311 
117312 
117313 
117314 
117315 
117316 
117317 
117318 
117322 
117325 
117326 
117327 
117328 
117329 
117330 
117331 
117332 
117337 
117339 
117340 
117341 
117342 
117343 
117344 
117345 
117346 
117348 
117350 
117351 
117353 
117354 
117355 
117356 
117357 
100973 
117358 
100974 
117359 
100975 
117360 
100976 
117361 
100977 
117362 
100978 
117363 
100979 
117364 
117365 
117366 
117367 
100987 
117372 
100988 
100989 
117374 
100990 
117375 
100991 
117376 
100992 
117377 
100993 
117378 
117379 
117380 
117381 
117386 
117388 
117389 
117390 
117391 
117392 
101008 
117393 
101009 
117394 
101010 
117395 
101011 
101012 
117397 
101013 
101014 
117399 
117400 
117402 
117403 
117404 
117405 
117406 
117407 
117408 
117409 
117410 
117411 
117412 
117413 
101029 
117414 
101030 
117415 
101031 
117416 
101032 
101033 
101034 
51882 
101035 
117421 
51886 
117424 
117425 
51889 
117426 
51890 
51891 
117428 
51892 
117429 
51893 
51894 
51895 
51896 
51897 
51900 
51901 
35517 
51903 
51904 
101057 
101058 
101059 
51907 
101060 
51908 
101061 
101062 
51910 
101063 
101064 
51912 
101065 
101066 
51914 
101067 
51915 
117452 
101068 
117453 
101069 
51917 
117454 
101070 
117455 
101071 
51919 
117456 
101072 
101073 
51921 
101074 
51922 
101075 
101076 
51924 
101077 
101078 
101079 
101080 
51928 
101081 
101082 
101083 
101084 
101085 
101086 
101087 
101088 
117473 
101089 
117474 
101090 
117475 
101091 
101092 
117477 
101093 
117478 
101094 
101095 
101096 
101097 
101098 
101099 
101100 
101101 
101102 
101103 
101104 
101105 
101106 
101107 
101108 
101109 
101110 
101111 
101112 
101113 
101114 
101115 
101116 
117501 
101117 
117502 
101118 
117503 
101119 
117504 
117505 
19214 
117521 
117522 
117523 
117524 
117525 
117526 
117527 
117528 
117529 
117530 
117531 
117532 
117533 
117534 
117535 
117536 
117537 
117538 
117539 
117540 
117541 
117542 
117543 
117544 
117545 
117546 
117547 
68395 
117548 
19244 
117549 
117550 
117551 
68399 
117552 
117553 
117554 
68402 
117555 
68403 
117556 
68404 
117557 
68405 
117558 
68406 
117559 
68407 
117560 
68408 
117561 
68409 
117562 
68410 
117563 
117564 
117565 
68413 
117566 
117567 
68415 
117568 
68416 
117569 
68417 
117570 
117571 
117572 
68420 
117573 
117574 
68422 
117575 
68423 
117576 
117577 
117578 
117579 
68427 
117580 
117581 
101197 
117582 
101198 
68430 
117583 
101199 
117584 
101200 
68432 
101201 
101202 
68434 
101203 
68436 
117589 
68437 
117591 
68439 
117593 
68441 
117595 
68443 
117596 
19292 
117598 
117599 
117600 
117601 
117602 
117603 
117604 
117605 
117606 
117607 
117608 
117609 
117610 
117611 
117612 
117617 
117619 
117620 
117621 
117622 
117623 
117624 
117625 
117626 
117627 
117628 
117629 
117630 
117631 
117632 
117633 
117638 
117640 
117642 
117644 
117645 
19341 
117647 
117648 
117649 
117650 
117651 
117652 
117653 
117654 
117655 
117656 
117657 
117658 
117659 
117660 
117661 
52127 
117666 
52131 
117669 
117670 
52134 
117671 
52135 
52136 
117673 
52137 
117674 
52138 
52139 
52140 
52141 
52142 
101295 
101296 
101297 
52145 
101298 
52146 
101299 
101300 
52148 
101301 
52149 
52152 
52153 
52155 
52157 
52159 
52160 
117697 
117698 
52162 
117699 
117700 
117701 
52166 
52169 
52171 
52173 
52174 
117717 
117718 
117719 
117720 
117721 
117722 
117723 
117724 
117729 
117731 
117732 
117733 
117734 
117735 
117736 
117737 
117738 
117740 
117742 
117743 
117745 
117746 
117747 
117748 
117749 
117750 
117751 
117752 
117753 
117754 
117755 
117756 
117757 
117758 
117759 
117764 
117766 
117767 
117768 
117769 
117770 
117771 
117772 
117773 
117778 
117780 
35860 
117781 
117782 
117783 
117784 
101400 
117785 
101401 
117786 
101402 
117787 
101403 
101404 
117789 
101405 
101406 
117791 
117792 
117794 
117795 
117796 
117797 
117798 
117799 
117800 
117801 
117802 
117803 
117804 
117805 
117806 
117807 
117808 
117813 
117816 
117817 
117818 
117820 
117821 
117844 
117845 
117846 
117847 
117848 
117864 
117865 
117866 
117867 
117868 
117869 
117870 
117871 
117872 
117873 
117874 
117875 
117876 
117877 
117878 
117879 
117880 
117881 
117882 
117883 
117884 
117885 
117886 
117887 
117888 
117889 
117890 
117891 
117892 
117893 
117894 
117895 
117896 
117897 
117898 
117899 
117900 
117901 
117902 
117903 
117904 
117905 
117906 
117907 
117908 
117909 
117910 
117911 
117912 
117913 
117914 
117915 
117916 
117917 
101533 
117918 
101534 
117919 
101535 
117920 
101536 
117921 
101537 
117922 
101538 
117923 
101539 
117924 
117925 
117926 
117927 
117931 
117934 
117936 
117938 
117939 
117941 
117942 
117943 
117944 
117945 
19641 
117946 
117947 
117948 
117949 
117950 
117951 
117952 
101568 
117953 
101569 
117954 
101570 
117955 
101571 
101572 
101573 
101574 
117960 
117962 
117963 
117964 
117965 
117966 
117967 
117968 
117969 
117970 
117971 
117972 
117973 
117974 
117975 
117976 
117980 
117983 
117985 
117987 
101603 
117988 
101604 
101605 
117990 
101606 
117991 
101607 
117992 
101608 
117993 
101609 
117994 
117995 
117996 
117997 
117998 
117999 
118000 
118001 
118002 
118003 
118004 
118009 
118012 
118013 
118014 
118016 
118017 
101638 
101639 
101640 
101641 
101642 
101643 
101644 
118040 
118041 
118042 
118044 
118045 
101673 
101674 
101675 
118060 
101676 
118061 
101677 
118062 
101678 
118063 
101679 
118064 
118065 
118066 
118067 
118072 
118074 
118075 
118076 
118077 
118078 
118079 
118080 
118081 
118083 
118085 
118086 
118088 
118089 
118090 
118091 
118092 
101708 
118093 
101709 
118094 
101710 
118095 
101711 
118096 
101712 
118097 
101713 
118098 
101714 
118099 
118100 
118101 
118102 
118107 
118109 
118110 
118111 
118112 
118113 
118114 
118115 
118116 
118121 
118123 
118124 
118125 
118126 
118127 
101743 
118128 
101744 
118129 
101745 
118130 
101746 
101747 
118132 
101748 
101749 
118134 
118135 
118137 
118138 
118139 
118140 
118141 
118142 
118143 
118144 
118145 
118146 
118147 
118148 
118149 
118150 
118151 
118156 
118159 
118160 
118161 
118162 
101778 
118163 
101779 
101780 
101781 
101782 
101783 
101784 
118187 
118188 
118189 
118190 
118191 
101820 
101821 
101822 
118207 
101823 
118208 
101824 
118209 
101825 
118210 
101826 
118211 
101827 
118212 
101828 
118213 
118214 
118215 
101831 
3527 
118216 
118217 
101833 
118218 
101834 
118219 
101835 
118220 
118221 
118222 
101838 
118223 
118224 
101840 
118225 
101841 
118226 
118227 
101843 
118228 
118229 
101845 
118230 
101846 
118231 
118232 
101848 
118233 
118234 
101850 
118235 
118236 
101852 
118237 
101853 
118238 
118239 
118240 
118241 
118242 
118243 
118244 
118245 
118246 
118247 
118248 
118249 
118250 
118251 
118252 
118253 
118254 
118255 
118256 
118257 
118258 
118259 
118260 
118261 
118262 
118263 
118264 
118265 
118266 
118267 
19963 
118268 
118269 
118270 
118272 
118274 
118275 
118277 
118282 
118284 
118285 
118286 
118287 
118288 
118289 
118290 
118291 
118292 
118293 
118294 
118295 
118296 
118297 
118298 
118302 
101918 
101919 
118305 
118306 
101922 
118307 
118308 
101924 
118309 
101925 
118310 
101926 
118311 
118312 
118313 
101929 
118314 
118315 
101931 
118316 
101932 
20012 
118317 
101933 
118318 
101934 
118319 
101935 
101936 
118321 
101937 
101938 
118323 
101939 
118324 
118326 
101942 
101943 
101945 
101946 
118331 
118333 
101949 
118334 
101950 
118335 
118336 
101952 
118337 
118338 
118339 
118340 
118341 
118342 
118343 
118344 
118345 
118346 
118347 
118351 
118354 
118355 
118356 
118357 
118358 
118359 
118360 
118361 
118366 
118368 
118369 
118370 
118371 
118372 
118373 
118374 
118375 
118377 
118379 
118380 
118382 
118383 
118384 
118385 
118386 
118387 
118388 
118389 
118390 
118391 
118392 
118393 
118394 
118395 
118396 
118401 
118403 
118404 
118405 
118406 
118407 
118408 
118409 
118410 
118415 
118417 
118418 
118419 
118420 
118421 
118422 
118423 
118424 
118426 
118428 
118429 
118431 
118432 
118433 
118434 
118435 
118436 
118437 
118438 
118439 
118440 
118441 
118442 
118443 
118444 
118445 
102065 
118450 
102066 
118453 
102069 
118454 
118455 
102071 
102072 
118457 
102073 
118458 
102074 
102075 
102076 
102077 
102078 
102079 
102080 
102083 
102085 
102086 
102088 
102090 
102091 
102093 
102096 
118481 
102097 
118482 
118483 
102099 
118484 
118485 
118502 
118503 
118504 
118505 
118507 
118530 
118531 
118532 
118533 
118534 
118550 
118551 
118552 
118553 
118554 
118555 
118556 
118557 
118558 
118559 
118560 
118561 
118562 
118563 
118564 
118565 
118566 
118567 
118568 
118569 
118570 
118571 
118572 
118573 
118574 
118575 
118576 
118577 
118578 
118579 
118580 
118581 
118582 
118583 
118584 
118585 
118586 
118587 
118588 
118589 
118590 
118591 
118592 
118593 
118594 
118595 
118596 
102212 
118597 
102213 
118598 
118599 
118600 
102216 
118601 
118602 
102218 
118603 
102219 
118604 
102220 
118605 
102221 
118606 
102222 
118607 
102223 
118608 
102224 
118609 
102225 
118610 
102226 
118611 
102227 
118612 
118613 
102230 
118615 
102232 
118617 
102233 
118618 
102235 
118620 
102237 
102238 
118624 
102240 
118627 
102243 
118628 
102244 
118629 
118630 
102246 
118631 
118632 
118633 
118634 
118635 
118636 
118637 
118638 
118639 
118640 
118641 
53107 
118645 
53111 
118648 
118649 
118650 
53114 
118651 
53115 
118652 
53116 
118653 
53117 
118654 
53118 
118655 
53119 
118656 
53120 
118657 
53121 
118658 
53122 
118659 
118660 
118661 
53125 
118662 
53126 
53128 
53129 
118666 
53132 
118669 
53133 
118671 
53135 
118673 
53137 
118674 
53139 
118676 
53140 
118677 
118678 
53142 
118679 
118680 
53144 
118681 
118682 
53146 
118683 
53147 
118684 
118685 
53149 
118686 
118687 
118688 
118689 
53153 
118690 
118695 
118697 
118698 
118699 
118700 
118701 
118702 
118703 
118704 
118709 
118711 
118712 
118713 
118714 
118715 
118716 
118717 
118718 
118720 
118722 
118723 
118725 
118726 
118727 
118728 
118729 
118730 
118731 
151500 
118732 
151501 
118733 
151502 
118734 
118735 
151504 
118736 
151505 
118737 
118738 
118739 
118744 
118747 
118748 
118749 
118751 
118752 
151528 
151529 
151530 
151532 
151533 
118775 
118776 
118777 
118779 
151548 
118780 
151549 
151550 
151551 
151552 
151553 
151554 
151555 
151556 
151557 
151558 
151559 
151560 
102408 
151561 
102409 
151562 
102410 
151563 
118795 
102411 
151564 
118796 
102412 
151565 
118797 
102413 
151566 
118798 
102414 
151567 
118799 
102415 
151568 
118800 
102416 
151569 
118801 
151570 
118802 
151571 
102419 
151572 
102420 
151573 
151574 
102422 
151575 
118807 
102423 
151576 
151577 
118809 
151578 
118810 
102426 
151579 
118811 
102427 
151580 
118812 
151581 
118813 
102429 
151582 
118814 
151583 
118815 
102431 
151584 
118816 
151585 
102433 
151586 
118818 
102434 
151587 
151588 
118820 
102436 
151589 
118821 
151590 
102438 
151591 
118823 
151592 
118824 
102440 
151593 
118825 
102441 
151594 
118826 
151595 
118827 
151596 
118828 
151597 
118829 
151598 
118830 
151599 
118831 
151600 
118832 
151601 
118833 
151602 
118834 
151603 
118835 
151604 
118836 
151605 
118837 
151606 
151607 
151608 
151609 
102457 
151610 
118842 
102458 
151611 
102459 
102460 
118845 
102461 
118846 
102462 
151615 
118847 
102463 
118848 
102464 
118849 
102465 
151618 
151620 
102468 
102469 
151622 
151623 
102471 
102472 
151625 
151626 
151627 
102475 
151628 
102476 
151629 
151630 
151631 
151632 
151633 
151634 
151635 
151636 
151637 
102485 
151638 
151639 
102487 
118873 
102489 
118874 
102490 
118875 
151644 
118876 
102492 
118877 
151646 
102494 
151647 
151648 
102496 
151649 
102497 
151650 
151651 
151652 
151653 
151654 
151655 
151656 
53352 
151657 
151658 
102506 
151659 
102507 
151660 
102508 
53356 
118893 
102509 
118894 
102510 
118895 
102511 
53359 
151664 
118896 
102512 
53360 
118897 
102513 
53361 
118898 
102514 
53362 
151667 
118899 
53363 
118900 
53364 
118901 
102517 
53365 
151670 
118902 
102518 
53366 
151671 
118903 
53367 
118904 
102520 
151673 
118905 
102521 
151674 
118906 
53370 
151675 
118907 
53371 
151676 
118908 
102524 
151677 
118909 
102525 
53373 
151678 
118910 
53374 
151679 
118911 
151680 
118912 
151681 
118913 
53377 
118914 
53378 
118915 
118916 
53380 
118917 
151686 
118918 
102534 
53382 
118919 
151688 
118920 
102536 
53384 
151689 
118921 
53385 
151690 
118922 
102538 
151691 
118923 
102539 
53387 
151692 
118924 
151693 
118925 
102541 
151694 
118926 
118927 
102543 
53391 
151696 
118928 
151697 
118929 
102545 
151698 
118930 
102546 
53394 
118931 
151700 
118932 
53396 
151701 
118933 
118934 
53398 
118935 
53399 
118936 
118937 
118938 
118939 
102555 
118940 
102556 
118941 
102557 
118942 
102558 
118943 
102559 
118944 
102560 
118945 
102561 
118946 
102562 
118947 
102563 
118948 
118949 
118950 
102566 
118951 
102567 
118952 
118953 
102569 
118954 
102570 
118955 
151724 
118956 
151725 
102573 
151726 
118958 
102574 
151728 
118960 
102576 
151729 
118961 
102578 
118963 
102580 
102581 
102583 
20663 
118968 
102585 
118970 
118971 
102587 
118972 
102588 
118973 
118974 
118975 
151744 
118976 
151745 
118977 
151746 
118978 
151747 
118979 
151748 
118980 
151749 
118981 
151750 
118982 
151751 
118983 
118984 
151755 
118988 
102604 
102605 
151758 
102606 
151759 
118991 
102607 
151760 
118992 
102608 
151761 
118993 
102609 
151762 
118994 
102610 
151763 
118995 
102611 
151764 
118996 
102612 
151765 
118997 
118998 
151767 
118999 
102615 
119000 
102616 
151769 
119001 
151770 
119002 
102618 
119003 
102619 
151772 
119004 
151773 
119005 
151774 
102622 
151775 
119007 
102623 
151776 
151777 
119009 
102625 
151778 
119010 
151779 
102627 
151780 
119012 
151781 
102629 
151782 
102630 
151783 
151784 
20712 
151785 
119017 
151786 
119019 
119020 
119021 
119022 
151791 
119023 
102639 
119024 
151793 
119025 
102641 
151794 
119026 
151795 
119027 
102643 
151796 
119028 
102644 
151797 
119029 
151798 
119030 
151799 
119031 
151800 
119032 
119033 
151804 
119037 
102653 
102654 
151807 
102655 
151808 
119040 
102656 
151809 
119041 
102657 
151810 
119042 
102658 
151811 
119043 
102659 
151812 
119044 
102660 
151813 
119045 
102661 
151814 
119046 
119047 
102664 
151817 
102665 
151818 
102667 
151820 
119052 
102668 
151821 
151822 
119054 
151823 
119055 
102671 
151824 
119056 
102672 
151825 
119057 
151826 
119058 
102674 
151827 
119059 
151828 
119060 
102676 
119061 
102678 
119063 
102679 
151833 
119065 
102681 
119066 
151835 
102683 
151836 
119068 
151837 
119069 
102685 
151838 
119070 
102686 
151839 
119071 
151840 
119072 
151841 
119073 
119074 
119075 
119076 
119077 
119078 
119079 
119080 
119081 
119082 
102702 
119087 
102703 
102704 
119089 
102705 
119090 
102706 
119091 
102707 
119092 
102708 
119093 
102709 
119094 
102710 
119095 
119096 
102713 
102714 
102716 
119101 
102717 
119103 
119104 
102720 
119105 
102721 
119106 
119107 
102723 
119108 
119109 
102725 
119110 
102727 
119112 
102728 
119114 
119115 
119117 
119118 
119119 
119120 
119121 
102737 
119122 
119123 
102739 
119124 
119125 
102741 
119126 
102742 
119127 
119128 
119129 
119130 
119131 
102751 
119136 
102752 
102753 
102754 
119139 
102755 
119140 
102756 
119141 
102757 
102758 
119143 
102759 
119144 
102762 
102763 
102765 
102766 
102769 
102770 
102779 
102781 
119167 
102783 
119168 
102784 
119169 
119170 
102786 
119171 
102788 
102790 
102791 
119188 
119189 
119190 
119191 
119193 
102814 
102815 
102816 
102817 
102818 
102819 
102820 
102821 
102822 
102826 
102827 
102828 
102829 
119216 
119217 
102833 
119218 
102834 
119219 
102835 
119220 
102837 
102839 
102841 
102842 
102844 
102846 
102848 
119236 
119237 
119238 
119239 
119240 
119241 
119242 
119243 
119244 
119245 
119246 
119247 
119248 
119249 
119250 
119251 
119252 
119253 
119254 
119255 
119256 
119257 
119258 
119259 
119260 
119261 
119262 
119263 
119264 
119265 
119266 
119267 
119268 
119269 
119270 
119271 
119272 
119273 
119274 
119275 
119276 
119277 
119278 
119279 
119280 
119281 
119282 
119283 
119284 
119285 
119286 
119287 
119288 
119289 
119290 
119291 
119292 
119293 
119294 
119295 
119296 
119297 
119298 
119299 
119301 
119303 
119304 
119306 
119310 
119313 
119314 
119315 
119316 
119317 
119318 
119319 
119320 
119321 
119322 
119323 
119324 
119325 
119326 
119327 
119331 
119334 
119335 
119336 
119337 
119338 
119339 
119340 
119341 
119342 
119343 
119344 
119345 
119346 
119347 
119348 
119352 
119355 
119357 
119359 
119360 
119362 
119363 
119364 
119365 
119366 
119367 
119368 
119369 
119370 
119371 
119372 
119373 
119374 
119375 
119376 
119381 
119383 
119384 
119385 
119386 
119387 
119388 
119389 
119390 
119395 
119397 
119398 
119399 
119400 
119401 
119402 
119403 
119404 
119406 
119408 
119409 
119411 
119412 
119413 
119414 
119415 
119416 
119417 
119418 
119419 
119420 
119421 
119422 
119423 
119424 
119425 
119430 
119433 
119434 
119435 
119437 
119438 
119461 
119462 
119463 
119465 
119466 
119481 
119482 
119483 
119484 
119485 
119486 
119487 
119488 
119493 
119495 
119496 
119497 
119498 
119499 
119500 
119501 
119502 
119504 
119506 
119507 
119509 
119510 
119511 
119512 
119513 
119514 
70362 
119515 
119516 
119517 
119518 
70366 
119519 
119520 
119521 
70369 
119522 
70370 
119523 
70371 
70372 
70373 
70374 
70375 
119528 
70376 
70377 
119531 
119532 
70380 
119533 
70382 
119535 
70383 
119536 
70384 
70387 
70389 
70390 
70394 
70397 
70399 
70401 
70403 
70404 
70406 
119559 
119560 
70408 
119561 
119562 
70410 
119563 
119579 
119580 
119581 
119582 
119583 
119584 
119585 
119586 
119587 
119588 
119589 
119590 
119591 
119592 
119593 
119594 
119595 
119596 
119597 
119598 
119599 
119600 
119601 
119602 
119603 
119604 
119605 
119606 
119607 
119608 
119609 
119610 
119611 
119612 
119613 
119614 
119615 
119616 
119617 
119618 
119619 
119620 
119621 
119622 
119623 
119624 
119625 
119626 
119627 
119628 
119629 
119630 
119631 
119632 
119633 
119634 
119635 
119636 
119637 
119638 
119639 
119640 
119641 
119642 
119646 
21342 
119649 
119651 
119653 
119654 
119656 
119657 
119658 
119659 
119660 
119661 
119662 
119663 
119664 
119665 
119666 
119667 
119668 
119669 
119670 
119675 
119677 
119678 
119679 
119680 
119681 
119682 
119683 
119684 
119685 
119686 
119687 
119688 
119689 
119690 
119691 
119695 
21391 
119698 
119700 
119702 
103318 
119703 
103319 
103320 
119705 
103321 
119706 
103322 
119707 
103323 
119708 
103324 
136093 
119709 
103325 
136094 
119710 
103326 
136095 
119711 
136096 
119712 
136097 
119713 
119714 
103330 
119715 
103331 
119716 
103332 
119717 
103333 
119718 
119719 
103337 
103338 
103339 
119724 
103341 
119727 
103343 
119728 
119729 
103345 
103346 
119731 
119732 
103348 
103350 
103352 
136121 
136122 
136123 
136125 
136126 
119755 
119756 
136141 
119757 
5069 
136142 
136143 
119759 
136144 
119760 
136145 
136146 
136147 
136148 
5076 
136149 
136150 
136151 
136152 
136153 
136154 
136155 
136156 
136157 
136158 
136159 
119775 
136160 
119776 
136161 
119777 
136162 
119778 
136163 
119779 
136164 
119780 
136165 
119781 
136166 
119782 
136167 
136168 
136169 
136170 
136171 
119787 
136172 
136173 
119789 
136174 
119790 
136175 
119791 
136176 
119792 
136177 
119793 
136178 
119794 
136179 
119795 
136180 
119796 
136181 
136182 
119798 
136183 
136184 
119800 
136185 
119801 
136186 
136187 
119803 
136188 
119804 
136189 
119805 
136190 
119806 
136191 
119807 
136192 
119808 
136193 
119809 
136194 
119810 
136195 
119811 
136196 
119812 
136197 
119813 
136198 
119814 
136199 
119815 
136200 
119816 
136201 
119817 
136202 
136203 
54283 
136204 
136206 
119822 
54287 
136208 
119824 
136209 
119825 
119826 
54290 
136211 
119827 
54291 
119828 
54292 
119829 
54293 
119830 
54294 
119831 
54295 
54296 
136217 
54297 
136218 
54298 
136219 
136220 
119836 
136221 
54301 
136222 
119838 
54302 
136223 
119839 
136224 
119840 
54304 
136225 
119841 
54305 
119842 
119843 
119844 
54308 
136229 
119845 
54309 
119847 
54311 
136232 
136233 
119849 
136234 
119850 
136235 
54315 
136236 
119852 
136237 
119853 
136238 
119854 
54318 
136239 
119855 
136240 
119856 
54320 
136241 
119857 
136242 
119858 
54322 
136243 
119859 
54323 
136244 
119860 
136245 
119861 
54325 
136246 
119862 
136247 
119863 
54327 
136248 
119864 
136249 
119865 
54329 
136250 
119866 
54330 
136251 
136252 
136253 
136255 
119871 
136257 
136258 
136260 
136266 
136267 
136268 
136269 
136270 
136271 
136272 
136273 
136274 
136278 
136281 
136282 
136283 
136284 
136285 
136286 
136287 
136288 
136289 
136290 
136291 
136292 
136293 
136294 
136295 
136299 
136302 
136303 
136304 
136305 
136306 
136307 
136308 
136309 
136311 
136313 
136314 
136316 
136317 
136318 
136319 
136320 
136321 
136322 
136323 
136324 
136325 
136326 
136327 
136328 
136329 
136330 
136335 
136337 
136338 
136339 
136340 
136341 
136342 
136343 
136344 
136348 
136351 
136352 
136353 
136354 
136355 
136356 
136357 
136358 
136360 
136362 
136363 
136365 
136366 
136367 
136368 
136369 
136370 
136371 
136372 
136373 
136374 
136375 
136376 
136377 
136378 
136379 
136384 
136387 
136388 
136389 
136391 
136392 
120028 
120029 
120030 
120031 
120032 
136429 
136430 
136431 
136432 
136433 
120056 
120057 
5369 
120058 
120060 
120061 
5376 
120076 
120077 
120078 
120079 
120080 
120081 
120082 
120083 
120084 
120085 
120086 
120087 
120088 
120089 
120090 
120091 
120092 
120093 
120094 
120095 
120096 
120097 
120098 
120099 
120100 
120101 
120102 
120103 
120104 
120105 
120106 
120107 
120108 
120109 
120110 
120111 
120112 
120113 
120114 
120115 
120116 
120117 
120118 
120119 
120120 
120121 
120122 
120123 
120124 
120125 
120126 
120127 
120128 
120129 
120130 
120131 
120132 
120133 
120134 
120135 
120136 
120137 
120138 
120139 
120142 
120143 
120145 
120146 
120152 
120153 
120157 
120160 
120161 
120162 
120163 
120164 
120165 
120166 
120167 
120168 
120169 
120170 
120171 
120172 
120173 
120174 
120175 
120176 
120177 
120178 
120179 
120180 
120181 
120182 
120183 
120184 
120185 
120186 
120187 
120188 
120191 
120192 
120194 
120195 
120201 
120202 
120206 
120209 
120210 
120211 
120212 
120213 
120214 
120215 
120216 
120217 
120218 
120219 
120220 
120221 
120222 
120223 
120224 
120225 
120226 
120227 
120228 
120229 
120230 
120234 
120237 
120238 
120239 
120240 
120241 
120242 
120243 
120244 
120247 
120248 
120250 
120251 
120252 
120253 
120254 
120255 
120256 
120257 
120258 
120263 
120265 
120266 
120267 
120268 
120269 
120270 
120271 
120272 
120273 
120274 
120275 
120276 
120277 
120278 
120279 
120283 
120286 
120287 
120288 
120289 
120290 
21986 
120291 
120292 
120293 
120296 
120297 
120299 
120300 
120301 
120302 
120303 
120304 
120305 
120306 
120307 
120312 
120314 
120315 
120316 
120317 
120318 
103934 
120319 
103935 
120320 
103936 
103937 
120322 
103938 
120323 
103939 
120324 
103940 
103941 
120326 
103942 
120327 
103945 
103947 
103948 
103949 
103952 
103954 
103955 
103957 
103959 
103960 
103962 
103964 
103966 
103967 
54822 
54826 
120364 
120365 
54829 
120366 
54830 
120367 
54831 
120368 
54832 
54833 
54834 
54835 
54836 
54837 
54841 
54842 
54843 
54844 
54848 
54849 
54850 
54852 
54854 
54856 
54857 
54859 
54861 
54863 
54864 
54870 
87736 
87740 
87743 
87744 
87745 
87746 
87747 
87748 
87749 
87750 
87751 
87754 
87755 
87757 
87758 
87761 
87762 
87764 
87768 
87771 
87773 
87775 
87776 
87778 
87780 
87782 
87783 
153467 
153468 
153469 
153471 
153472 
153495 
153496 
153497 
153499 
153500 
153515 
153516 
153517 
153518 
153519 
153520 
153521 
153522 
153523 
153524 
153525 
153526 
153527 
153528 
153529 
153530 
153531 
153532 
153533 
153534 
153535 
153536 
153537 
153538 
153539 
153540 
153541 
153542 
153543 
153544 
153545 
153546 
153547 
153548 
153549 
153550 
153551 
153552 
153553 
153554 
153555 
153556 
153557 
153558 
153559 
153560 
153561 
153562 
153563 
153564 
153565 
153566 
153567 
153568 
153569 
153570 
153571 
153572 
153573 
153574 
153575 
153576 
153577 
153578 
153582 
153585 
153587 
153589 
153590 
153592 
153593 
153594 
153595 
153596 
153597 
153598 
153599 
153600 
153601 
153602 
153603 
153604 
153605 
153606 
153611 
153613 
153614 
153615 
153616 
153617 
153618 
153619 
153620 
153621 
153622 
153623 
153624 
153625 
153626 
153627 
153631 
153634 
153636 
153638 
153639 
153641 
153642 
153643 
153644 
153645 
153646 
153647 
153648 
153649 
153650 
153651 
153652 
153653 
22581 
153654 
153655 
153660 
153663 
153664 
153665 
153667 
153668 
153691 
153692 
153693 
153695 
153696 
153711 
153712 
153713 
153714 
153715 
153716 
153717 
153718 
153722 
153725 
153726 
153727 
153728 
153729 
153730 
153731 
153732 
153734 
153736 
153737 
104585 
104586 
153739 
104587 
153740 
104588 
153741 
104589 
153742 
104590 
153743 
104591 
153744 
104592 
153745 
104593 
153746 
153747 
153748 
104596 
153749 
153750 
104598 
153751 
104599 
153752 
104600 
153753 
104603 
6300 
104605 
153758 
104606 
153760 
104608 
153761 
153762 
104610 
153763 
104611 
6307 
153764 
153765 
104613 
153766 
153767 
104615 
104617 
104618 
153771 
153774 
153775 
153776 
153777 
153778 
153779 
153780 
153781 
153783 
153785 
153786 
153788 
153789 
153790 
153791 
153792 
153793 
153794 
153795 
153796 
153797 
153798 
153799 
153800 
153801 
153802 
153807 
22791 
6607 
39465 
23127 
55949 
55953 
55956 
55957 
55958 
55959 
55960 
55961 
55962 
55963 
55964 
55968 
55969 
55970 
55971 
55975 
55976 
55977 
55979 
55981 
55983 
55984 
55986 
55988 
55990 
55991 
55997 
23470 
105418 
105419 
105420 
105421 
105422 
105423 
105424 
105425 
105426 
105429 
105431 
105432 
105433 
105436 
105438 
105446 
105448 
105450 
105452 
105453 
105455 
105457 
105459 
105635 
105636 
105637 
105638 
105639 
105640 
105641 
105642 
105643 
105646 
105648 
105649 
105650 
105653 
105655 
105663 
105665 
105667 
105669 
105670 
105672 
105674 
105676 
105852 
105853 
105854 
105855 
105856 
105857 
105858 
105859 
105860 
105863 
105865 
105866 
105867 
105870 
105872 
105880 
105882 
105884 
105886 
105887 
105889 
105891 
105893 
106069 
106070 
106071 
106072 
106073 
106074 
106075 
106076 
106077 
106080 
106081 
106083 
106084 
106087 
89703 
106088 
89707 
89710 
89711 
89712 
106097 
89713 
89714 
106099 
89715 
89716 
106101 
89717 
106102 
89718 
106104 
89721 
106106 
89722 
106108 
89724 
106109 
89725 
89728 
89730 
89731 
89735 
89738 
89740 
89742 
89743 
89745 
89747 
89749 
89751 
155434 
155435 
155436 
155438 
106286 
155439 
106287 
106288 
106289 
106290 
106291 
106292 
106293 
106294 
106297 
106298 
106300 
106301 
106304 
106306 
155462 
155463 
155464 
155466 
106314 
155467 
106316 
106318 
106319 
106321 
106323 
106325 
106327 
155482 
155483 
155484 
155485 
155486 
155487 
155488 
155489 
155490 
155491 
155492 
155493 
155494 
155495 
155496 
155497 
155498 
155499 
155500 
155501 
155502 
155503 
155504 
155505 
155506 
155507 
155508 
155509 
155510 
155511 
155512 
155513 
155514 
155515 
155516 
155517 
155518 
155519 
155520 
155521 
155522 
155523 
155524 
155525 
155526 
155527 
155528 
155529 
155530 
155531 
155532 
155533 
155534 
155535 
155536 
155537 
155538 
155539 
155540 
155541 
155542 
155543 
155544 
155545 
155549 
155552 
155554 
155556 
155557 
155559 
155560 
155561 
8105 
155562 
155563 
155564 
155565 
155566 
155567 
155568 
155569 
155570 
155571 
155572 
155573 
155578 
155580 
155581 
155582 
155583 
155584 
155585 
155586 
155587 
155588 
155589 
155590 
155591 
155592 
155593 
155594 
155598 
155601 
155604 
155605 
155607 
155608 
155609 
155610 
155611 
155612 
155613 
155614 
155615 
155620 
155622 
155623 
155624 
155625 
155626 
155627 
155628 
155630 
155631 
155632 
155634 
155635 
106503 
106504 
106505 
155658 
106506 
155659 
106507 
155660 
106508 
106509 
155662 
106510 
155663 
106511 
106514 
106515 
106517 
106518 
106521 
106522 
155678 
155679 
155680 
155681 
155682 
155683 
106531 
155684 
155685 
106533 
106535 
106536 
155689 
106538 
155692 
106540 
155693 
155694 
106542 
155695 
106543 
155696 
155697 
155698 
155699 
155701 
155703 
155704 
155706 
155707 
155708 
155709 
155710 
155711 
155712 
155713 
155714 
155715 
155716 
155717 
155718 
155719 
155720 
155725 
155727 
155728 
155729 
155730 
155731 
155732 
155733 
155734 
155738 
155741 
155742 
155743 
155744 
155745 
155746 
155747 
155748 
155751 
155752 
155754 
155755 
155756 
155757 
155758 
155759 
155760 
155761 
155762 
155767 
155769 
155770 
155771 
155772 
155773 
155774 
155775 
106720 
106721 
106722 
106723 
106724 
106725 
106726 
106727 
106728 
106731 
106732 
106734 
106735 
106738 
106740 
106748 
106750 
106752 
106753 
106755 
106757 
106759 
106761 
57615 
57619 
57622 
57623 
8471 
57624 
57625 
57626 
57627 
57628 
57629 
57630 
57633 
57635 
57636 
57637 
57640 
57642 
57643 
57645 
57647 
57648 
57650 
57652 
57654 
57655 
57657 
57663 
106937 
106938 
106939 
106940 
106941 
106942 
106943 
106944 
106945 
106948 
106949 
106951 
106952 
106955 
106956 
106965 
106967 
106969 
106970 
106972 
106974 
106976 
106977 
8701 
25122 
107133 
107134 
107135 
107136 
107137 
107138 
107139 
107140 
107141 
107142 
107143 
107144 
107145 
107146 
107147 
107148 
107149 
107150 
107151 
107152 
107153 
107154 
107155 
107156 
107157 
107158 
107159 
107160 
107161 
107162 
107163 
107164 
107165 
107166 
107167 
107168 
107169 
107170 
107171 
107172 
107173 
107174 
107175 
107176 
107177 
107178 
107179 
107180 
107181 
107231 
107232 
107233 
107234 
107235 
107236 
107237 
107238 
107239 
107240 
107241 
107242 
107243 
107244 
107245 
107246 
107247 
107248 
107249 
107250 
107251 
107252 
107253 
107254 
107255 
107256 
107257 
107258 
107259 
107260 
107261 
107262 
107263 
107264 
107265 
107266 
107267 
107268 
107269 
107270 
107271 
107272 
107273 
107274 
107275 
107276 
107277 
107278 
107279 
9072 
107378 
107379 
107380 
107381 
107382 
107383 
107384 
107385 
107386 
107387 
107388 
107389 
107390 
107391 
107392 
107393 
107394 
107395 
107396 
107397 
107398 
107399 
107400 
107401 
107402 
107403 
107404 
107405 
107406 
107407 
107408 
107409 
107410 
107411 
107412 
107413 
107414 
107415 
107416 
107417 
107418 
107419 
107420 
107421 
107422 
107423 
107424 
107425 
107426 
107525 
107526 
107527 
107528 
107529 
107530 
107531 
107532 
107533 
107534 
107535 
107536 
107537 
107538 
107539 
107540 
107541 
107542 
107543 
107544 
107545 
107546 
107547 
107548 
107549 
107550 
107551 
107552 
107553 
107554 
107555 
107556 
107557 
107558 
107559 
107560 
107561 
107562 
107563 
107564 
107565 
107566 
107567 
107568 
107569 
107570 
107571 
107572 
107573 
107721 
107722 
107723 
107724 
107725 
107726 
107727 
107728 
107729 
107730 
107731 
107732 
107733 
107734 
107735 
107736 
107737 
107738 
107739 
107740 
107741 
107742 
107743 
107744 
107745 
107746 
107747 
107748 
107749 
107750 
107751 
107752 
107753 
107754 
107755 
107756 
107757 
107758 
107759 
107760 
107761 
107762 
107763 
107764 
107765 
107766 
107767 
107768 
107769 
107770 
107771 
107772 
107773 
107774 
107775 
107776 
107777 
107778 
107779 
107780 
107781 
107782 
107783 
107784 
107785 
107786 
107787 
107788 
107789 
107790 
107791 
107792 
107793 
107794 
107795 
107796 
107797 
107798 
107799 
107800 
107801 
107802 
107803 
107804 
107805 
107806 
107807 
107808 
107809 
107810 
107811 
107812 
107813 
107814 
107815 
107816 
107817 
107818 
107819 
107820 
107821 
107822 
107823 
107824 
107825 
107826 
107827 
107828 
107829 
107830 
107831 
107832 
107833 
107834 
107835 
107836 
107837 
107838 
107839 
107840 
107841 
107842 
107843 
107844 
107845 
107846 
107847 
107848 
107849 
107850 
107851 
107852 
107853 
107854 
107855 
107856 
107857 
107858 
107859 
107860 
107861 
107862 
107863 
107864 
107865 
107866 
107867 
107868 
107869 
107870 
107871 
107872 
107873 
107874 
107875 
107876 
107877 
107878 
107879 
107880 
107881 
107882 
107883 
107884 
107885 
107886 
107887 
107888 
107889 
107890 
107891 
107892 
107893 
107894 
107895 
107896 
107897 
107898 
107899 
107900 
107901 
107902 
107903 
107904 
107905 
107906 
107907 
107908 
107909 
107910 
107911 
107912 
107913 
107914 
107915 
107916 
107917 
107918 
107919 
107920 
107921 
107922 
107923 
107924 
107925 
107926 
107927 
107928 
107929 
107930 
107931 
107932 
107933 
107934 
107935 
107936 
107937 
107938 
107939 
107940 
107941 
107942 
107943 
107944 
107945 
107946 
107947 
107948 
107949 
107950 
107951 
107952 
107953 
107954 
107955 
107956 
107957 
107958 
107959 
107960 
107961 
107962 
107963 
107964 
107965 
107966 
107967 
107968 
107969 
107970 
107971 
107972 
107973 
107974 
107975 
107976 
107977 
107978 
107979 
107980 
107981 
107982 
107983 
107984 
107985 
107986 
107987 
107988 
107989 
107990 
107991 
107992 
107993 
107994 
107995 
107996 
107997 
107998 
107999 
108000 
108001 
108002 
108003 
108004 
108005 
108006 
108007 
108008 
108009 
108010 
108011 
108012 
108013 
108014 
108015 
108016 
108017 
108018 
108019 
108020 
108021 
108022 
108023 
108024 
108025 
108026 
108027 
108028 
108029 
108030 
108031 
108032 
108033 
108034 
108035 
108036 
108037 
108038 
108039 
108040 
108041 
108042 
108043 
108044 
108045 
108046 
108047 
108048 
108049 
108050 
108051 
108052 
108053 
108054 
108055 
108056 
108057 
108058 
108059 
108060 
108061 
108062 
108063 
108064 
108065 
108066 
108067 
108068 
108069 
108070 
108071 
108072 
108073 
108074 
108075 
108076 
108077 
108078 
108079 
108080 
108081 
108082 
108083 
108084 
108085 
108086 
108087 
108088 
108089 
108090 
108091 
108092 
108093 
108094 
108095 
108096 
108097 
108098 
108099 
108100 
108101 
108102 
108103 
108104 
108105 
108106 
108107 
108108 
108109 
108110 
108111 
108112 
108113 
108114 
108115 
108116 
108117 
108118 
108119 
108120 
108121 
108122 
108123 
108124 
108125 
108126 
108127 
108128 
108129 
108130 
108131 
108132 
108133 
108134 
108135 
108136 
108137 
108138 
108139 
108140 
108141 
108142 
108143 
108144 
108145 
108146 
108147 
108148 
108149 
108150 
108151 
108152 
108153 
108154 
108155 
108156 
108157 
108158 
108159 
108160 
108161 
124620 
124621 
124622 
124623 
124624 
157401 
157402 
157403 
157405 
157406 
124648 
124649 
124650 
124652 
124653 
42733 
42734 
42735 
42736 
42737 
42738 
42739 
157429 
157430 
157431 
157433 
157434 
124668 
124669 
124670 
124671 
124672 
124673 
124674 
42754 
124675 
42755 
124676 
42756 
124677 
42757 
124678 
42758 
124679 
42759 
124680 
42760 
157449 
124681 
157450 
124682 
157451 
124683 
157452 
124684 
157453 
124685 
157454 
124686 
157455 
124687 
157456 
124688 
157457 
124689 
157458 
124690 
157459 
124691 
157460 
124692 
157461 
124693 
157462 
124694 
157463 
124695 
157464 
124696 
157465 
124697 
157466 
124698 
157467 
124699 
157468 
124700 
157469 
124701 
157470 
124702 
157471 
124703 
157472 
124704 
157473 
124705 
157474 
124706 
157475 
124707 
157476 
124708 
157477 
124709 
42789 
157478 
124710 
42790 
157479 
124711 
42791 
157480 
124712 
42792 
157481 
124713 
42793 
157482 
124714 
42794 
157483 
124715 
42795 
157484 
124716 
157485 
124717 
157486 
124718 
157487 
124719 
157488 
124720 
157489 
124721 
157490 
124722 
157491 
124723 
157492 
124724 
157493 
124725 
157494 
124726 
157495 
124727 
157496 
124728 
157497 
124729 
157498 
124730 
157499 
124731 
157500 
157501 
157502 
124734 
157503 
124735 
157504 
157505 
124737 
157506 
124738 
157507 
157508 
157509 
157510 
157511 
157512 
124744 
42824 
124745 
42825 
42826 
42827 
157516 
42828 
124749 
42829 
42830 
157519 
124752 
157521 
124753 
124754 
157523 
124755 
157524 
124756 
124757 
157526 
124758 
157527 
124759 
157528 
124760 
157529 
124761 
157530 
124762 
157531 
124763 
157532 
124764 
157533 
124765 
157534 
124766 
157535 
124767 
157536 
124768 
157537 
124769 
157538 
124770 
157539 
124771 
157540 
124772 
124773 
124774 
124775 
124776 
157545 
124777 
124778 
157547 
124779 
157548 
124780 
157549 
157550 
157551 
124783 
157552 
124784 
157553 
157554 
124786 
157555 
124787 
157556 
157557 
157558 
157559 
157560 
157561 
124793 
42873 
124794 
42874 
42875 
42876 
157565 
42877 
124798 
42878 
42879 
157568 
124801 
157570 
124802 
124803 
157572 
124804 
157573 
124805 
124806 
157575 
124807 
157576 
124808 
157577 
124809 
157578 
124810 
157579 
124811 
157580 
124812 
157581 
124813 
157582 
124814 
157583 
124815 
157584 
124816 
157585 
124817 
157586 
124818 
157587 
124819 
157588 
124820 
157589 
124821 
124822 
157594 
124826 
157597 
124829 
157598 
124830 
157599 
124831 
124832 
157601 
124833 
157602 
124834 
124835 
124836 
124839 
124840 
124842 
124843 
124844 
124845 
124846 
124847 
124848 
124849 
124850 
124855 
157625 
124857 
157626 
124858 
157627 
124859 
124860 
157629 
124861 
157630 
124862 
124863 
124864 
124865 
124866 
59330 
124867 
124868 
124869 
124870 
59334 
124871 
59337 
59338 
124875 
59339 
59340 
157645 
59341 
157646 
124878 
59342 
157647 
124879 
59343 
157648 
124880 
59344 
157649 
124881 
59345 
157650 
124882 
157651 
124883 
157652 
124884 
59348 
124885 
59350 
59351 
157656 
124888 
59352 
124889 
157659 
124891 
59355 
157660 
124892 
157661 
124893 
59357 
157662 
124894 
59358 
157663 
124895 
157664 
124896 
59360 
157665 
124897 
157666 
124898 
59362 
124899 
59363 
157668 
59365 
157670 
157671 
59367 
124904 
157673 
59369 
157674 
124906 
59370 
157675 
124907 
157676 
124908 
59372 
157677 
124909 
157678 
124910 
157679 
124911 
157680 
124912 
42992 
157681 
42993 
157682 
124914 
59378 
42994 
157683 
124915 
42995 
157684 
124916 
42996 
157685 
42997 
157686 
124918 
42998 
157687 
124919 
157692 
157694 
157695 
157696 
157697 
157698 
157699 
157700 
157701 
157705 
157708 
157709 
157710 
157711 
157712 
157713 
157714 
157715 
43027 
43028 
157717 
43029 
43030 
157719 
43031 
157720 
43032 
43033 
157722 
157723 
157724 
124956 
157725 
124957 
157726 
124958 
157727 
124959 
157728 
124960 
157729 
157730 
157731 
157732 
157733 
157734 
157735 
157736 
157741 
43160 
43161 
43162 
43163 
43164 
108701 
43165 
108702 
43166 
108703 
108704 
108705 
108706 
108707 
108708 
108709 
108710 
108711 
108712 
108713 
108714 
108715 
108716 
108717 
108718 
108719 
108720 
108721 
108722 
108723 
108724 
108725 
108726 
108727 
108728 
108729 
108730 
108731 
43195 
108732 
43196 
108733 
43197 
108734 
43198 
108735 
43199 
108736 
43200 
108737 
43201 
108738 
108739 
108740 
10436 
108741 
108742 
108743 
108744 
108745 
108746 
108747 
108748 
108749 
43335 
43336 
43337 
43338 
43339 
43340 
43341 
43370 
43371 
43372 
43373 
43374 
43375 
43376 
43503 
43504 
43505 
43506 
43507 
43508 
43509 
27152 
43580 
43581 
43582 
43583 
43584 
43585 
43586 
43741 
43742 
43743 
43744 
43745 
43746 
43747 
109387 
109388 
109389 
109390 
109391 
109392 
109393 
109394 
109395 
109396 
109397 
109398 
109399 
109400 
109401 
109402 
109403 
109404 
109405 
109406 
109407 
109408 
109409 
109410 
109411 
109412 
109413 
109414 
109415 
27495 
109416 
109417 
109418 
109419 
109420 
109421 
109422 
109423 
109424 
109425 
109426 
109427 
109428 
109429 
109430 
109431 
109432 
109433 
109434 
109435 
43979 
43980 
43981 
43982 
43983 
43984 
43985 
44224 
44225 
44226 
44227 
44228 
44229 
44230 
11780 
44574 
44575 
44576 
44577 
44578 
44579 
44580 
110122 
110123 
110124 
110125 
110126 
110127 
110128 
110129 
110130 
110131 
110132 
110133 
11829 
110134 
110135 
110136 
110137 
110138 
110139 
110140 
110141 
110142 
110143 
110144 
110145 
110146 
110147 
110148 
110149 
110150 
110151 
110152 
110153 
110154 
110155 
110156 
110157 
110158 
110159 
110160 
110161 
110162 
110163 
110164 
110165 
110166 
110167 
110168 
110169 
110170 
77901 
77905 
77908 
77909 
77910 
77911 
77912 
77913 
77914 
77915 
77916 
77919 
77920 
77922 
77923 
77926 
77927 
77929 
77933 
77936 
77938 
77940 
77941 
77943 
77945 
77947 
77948 
45295 
45296 
45297 
45298 
45299 
45300 
45301 
143632 
143633 
143634 
143636 
143637 
143660 
143661 
143662 
143664 
143665 
143680 
143681 
143682 
143683 
143684 
143685 
143686 
143687 
143688 
143689 
143690 
143691 
143692 
143693 
143694 
143695 
143696 
143697 
143698 
143699 
143700 
143701 
143702 
143703 
143704 
143705 
143706 
143707 
143708 
143709 
143710 
143711 
143712 
143713 
143714 
143715 
143716 
143717 
143718 
143719 
143720 
143721 
143722 
143723 
143724 
143725 
143726 
143727 
143728 
143729 
143730 
143731 
143732 
143733 
143734 
143735 
143736 
143737 
143738 
143739 
143740 
143741 
143742 
143743 
143747 
143750 
143753 
143754 
143756 
61836 
143757 
143758 
143759 
143760 
61840 
143761 
143762 
143763 
61843 
143764 
61844 
61845 
61846 
61847 
61848 
143769 
61849 
61850 
143771 
61851 
143772 
143773 
143774 
61854 
143775 
143776 
61856 
143777 
61857 
143778 
61858 
143779 
143780 
143781 
61861 
143782 
143783 
61863 
143784 
61864 
143785 
143786 
143787 
143788 
61868 
143789 
143790 
143791 
61871 
143792 
61873 
61875 
143796 
61877 
61878 
143799 
61880 
143802 
61882 
143803 
61884 
143805 
143806 
143807 
143808 
143809 
143810 
143811 
143812 
143813 
45512 
45513 
143818 
45514 
45515 
143820 
45516 
143821 
111053 
45517 
143822 
111054 
45518 
143823 
111055 
143824 
111056 
143825 
111057 
143826 
111058 
111059 
143828 
111060 
143829 
111061 
143830 
111062 
111063 
143832 
111064 
143833 
111065 
111066 
111067 
111068 
111069 
111070 
111071 
111072 
111073 
111074 
111075 
111076 
111077 
111078 
111079 
111080 
111081 
111082 
111083 
111084 
111085 
111086 
111087 
143856 
111088 
143857 
111089 
143858 
111090 
111091 
143860 
111092 
143861 
111093 
111094 
111095 
111096 
111097 
111098 
111099 
111100 
111101 
143876 
143877 
143878 
143879 
143880 
143881 
143882 
143883 
143887 
143890 
143891 
143892 
143893 
143894 
143895 
143896 
143897 
143900 
143901 
143903 
143904 
143905 
143906 
143907 
143908 
143909 
143910 
143911 
143916 
143918 
143919 
143920 
143921 
143922 
143923 
143924 
143925 
143926 
143927 
143928 
143929 
143930 
143931 
143932 
143936 
143939 
143940 
143941 
143942 
143943 
143944 
143945 
143946 
143949 
143950 
143952 
143953 
143954 
143955 
143956 
143957 
143958 
143959 
143960 
143965 
143967 
143968 
143969 
143970 
143971 
143972 
143973 
111298 
111299 
111300 
111301 
111302 
111303 
111304 
111305 
111306 
111307 
111308 
111309 
111310 
111311 
111312 
111313 
111314 
111315 
111316 
111317 
111318 
111319 
111320 
111321 
111322 
111323 
111324 
111325 
111326 
111327 
111328 
111329 
111330 
111331 
111332 
111333 
111334 
111335 
111336 
111337 
111338 
111339 
111340 
111341 
111342 
111343 
111344 
111345 
111346 
111543 
111544 
111545 
111546 
111547 
111548 
111549 
111550 
111551 
111552 
111553 
111554 
111555 
111556 
111557 
111558 
111559 
111560 
111561 
111562 
111563 
111564 
111565 
111566 
111567 
111568 
111569 
111570 
111571 
111572 
111573 
111574 
111575 
111576 
111577 
111578 
111579 
111580 
111581 
111582 
111583 
111584 
111585 
111586 
111587 
111588 
111589 
111590 
111591 
13390 
13439 
111788 
111789 
111790 
111791 
111792 
111793 
111794 
111795 
111796 
111797 
111798 
111799 
111800 
111801 
111802 
111803 
111804 
111805 
111806 
111807 
111808 
111809 
111810 
111811 
111812 
111813 
111814 
111815 
111816 
111817 
111818 
111819 
111820 
111821 
111822 
111823 
111824 
111825 
111826 
111827 
111828 
111829 
111830 
111831 
111832 
111833 
111834 
111835 
111836 
46345 
46346 
46347 
46348 
46349 
46350 
46351 
112033 
112034 
112035 
112036 
112037 
112038 
112039 
112040 
112041 
112042 
112043 
112044 
112045 
112046 
112047 
112048 
112049 
112050 
112051 
112052 
112053 
112054 
112055 
112056 
112057 
112058 
112059 
112060 
112061 
112062 
112063 
112064 
112065 
112066 
112067 
112068 
112069 
112070 
112071 
112072 
112073 
112074 
112075 
112076 
112077 
112078 
112079 
112080 
112081 
46562 
46563 
46564 
46565 
46566 
46567 
46568 
112278 
112279 
112280 
112281 
112282 
112283 
112284 
112285 
112286 
112287 
112288 
112289 
112290 
112291 
112292 
112293 
112294 
112295 
112296 
112297 
112298 
112299 
112300 
112301 
112302 
112303 
112304 
112305 
112306 
112307 
112308 
112309 
112310 
112311 
112312 
112313 
112314 
112315 
112316 
112317 
112318 
112319 
112320 
112321 
112322 
112323 
112324 
112325 
112326 
112523 
112524 
112525 
112526 
112527 
112528 
112529 
112530 
112531 
112532 
112533 
112534 
112535 
112536 
112537 
112538 
112539 
112540 
112541 
112542 
112543 
112544 
112545 
112546 
112547 
112548 
112549 
112550 
112551 
112552 
112553 
112554 
112555 
112556 
112557 
112558 
112559 
112560 
112561 
112562 
112563 
112564 
112565 
112566 
112567 
112568 
112569 
112570 
112571 
79868 
79872 
79875 
79876 
79877 
79878 
79879 
79880 
79881 
79882 
79883 
79886 
79887 
79889 
79890 
79893 
79895 
79896 
79900 
79903 
79905 
79907 
79908 
79910 
79912 
79914 
79916 
112768 
112769 
112770 
112771 
112772 
112773 
112774 
112775 
112776 
112777 
112778 
112779 
112780 
112781 
112782 
112783 
112784 
112785 
112786 
112787 
112788 
112789 
112790 
112791 
112792 
112793 
112794 
112795 
112796 
112797 
112798 
112799 
112800 
112801 
112802 
112803 
112804 
112805 
112806 
112807 
112808 
112809 
112810 
112811 
112812 
112813 
112814 
112815 
112816 
145599 
145600 
145601 
145603 
145604 
145627 
145628 
145629 
145631 
145632 
145647 
145648 
145649 
145650 
145651 
145652 
145653 
145654 
145655 
145656 
145657 
145658 
145659 
145660 
145661 
145662 
145663 
145664 
145665 
145666 
145667 
145668 
145669 
145670 
145671 
145672 
145673 
145674 
145675 
145676 
145677 
145678 
145679 
145680 
145681 
145682 
145683 
145684 
145685 
145686 
145687 
145688 
145689 
145690 
145691 
145692 
145693 
145694 
145695 
145696 
145697 
145698 
145699 
145700 
145701 
145702 
145703 
145704 
145705 
145706 
145707 
145708 
145709 
145710 
145714 
145717 
145720 
145721 
145723 
145724 
145725 
145726 
145727 
145728 
145729 
145730 
145731 
47430 
47431 
145736 
47432 
47433 
145738 
47434 
145739 
47435 
145740 
47436 
145741 
145742 
145743 
145744 
145745 
145746 
145747 
145748 
145749 
145750 
145751 
145752 
145753 
145754 
145755 
145756 
145757 
145758 
145759 
145763 
145766 
145769 
145770 
145772 
145773 
145774 
145775 
145776 
145777 
145778 
145779 
145780 
113014 
113015 
113016 
145785 
113017 
113018 
145787 
145788 
145789 
145790 
145791 
145792 
145793 
145795 
145796 
145797 
145799 
145800 
113042 
113043 
113044 
113045 
113046 
145823 
145824 
145825 
145827 
145828 
113062 
113063 
113064 
113065 
113066 
113067 
113068 
113069 
113070 
113071 
113072 
113073 
113074 
145843 
113075 
145844 
113076 
145845 
113077 
145846 
113078 
145847 
113079 
145848 
113080 
145849 
113081 
145850 
113082 
113083 
113084 
113085 
145854 
113086 
113087 
113088 
145857 
113089 
145858 
113090 
145859 
113091 
145860 
113092 
145861 
113093 
145862 
113094 
145863 
113095 
145864 
113096 
113097 
113098 
145867 
113099 
145868 
113100 
113101 
145870 
113102 
145871 
113103 
145872 
113104 
145873 
113105 
145874 
113106 
145875 
113107 
145876 
113108 
145877 
113109 
145878 
113110 
113111 
113112 
113113 
113114 
145883 
113115 
113116 
145885 
113117 
145886 
113118 
145887 
113119 
145888 
113120 
145889 
113121 
145890 
113122 
145891 
113123 
145892 
113124 
145893 
113125 
145894 
145895 
113127 
145896 
145897 
113129 
145898 
113130 
145899 
113132 
145903 
145906 
113138 
145907 
113139 
145908 
113140 
145909 
113141 
145910 
113142 
145911 
113143 
145912 
113144 
145913 
113145 
113146 
145916 
145917 
113150 
145919 
145920 
145921 
113153 
145922 
113154 
145923 
113155 
145924 
113156 
145925 
113157 
145926 
113158 
145927 
113159 
113160 
113161 
113162 
113163 
145932 
113164 
113165 
145934 
113166 
145935 
113167 
145936 
113168 
145937 
113169 
145938 
113170 
145939 
113171 
145940 
113172 
113173 
113174 
113176 
113178 
113179 
113181 
47647 
47648 
47649 
47650 
113187 
47651 
113188 
47652 
113189 
47653 
113190 
113191 
113192 
113193 
113194 
113195 
113199 
113202 
113203 
113204 
113205 
113206 
113207 
113208 
113209 
113210 
113211 
113212 
113213 
113214 
113215 
113216 
113221 
113223 
113224 
113225 
113226 
113227 
113228 
113229 
113230 
113232 
113234 
113235 
113237 
113238 
113239 
113240 
113241 
113242 
113243 
113244 
113245 
113246 
113247 
113248 
113249 
113250 
113251 
113256 
113258 
113259 
113260 
113261 
113262 
113263 
113264 
113265 
113270 
113272 
113273 
113274 
113275 
113276 
113277 
113278 
113279 
113281 
113283 
113284 
113286 
113287 
113288 
113289 
113290 
113291 
113292 
113293 
113294 
113295 
113296 
113297 
113298 
113299 
113300 
31380 
113305 
113308 
113309 
113310 
113312 
113313 
113350 
113351 
113352 
113353 
113354 
97242 
97246 
97249 
97250 
97251 
97252 
97253 
97254 
97255 
97256 
97257 
31723 
97260 
97261 
97263 
97264 
97267 
97268 
97270 
97274 
97277 
97279 
97281 
97282 
97284 
97286 
97288 
97289 
113700 
113701 
113702 
113703 
113704 
15427 
113742 
113743 
113744 
113745 
113746 
113748 
113749 
113750 
113751 
113752 
113753 
113754 
113755 
113756 
113757 
113758 
113759 
113760 
113761 
113762 
113764 
113766 
113767 
113769 
113775 
113776 
113777 
113778 
113779 
113780 
15476 
113781 
113782 
113783 
113787 
113790 
113791 
113792 
113793 
113794 
113795 
113796 
113797 
113798 
113799 
113800 
113801 
113802 
113803 
113804 
113805 
113806 
113807 
130192 
113808 
130193 
113809 
130194 
113810 
130195 
113811 
130196 
113813 
113815 
113816 
113818 
113824 
113825 
113826 
113827 
113828 
113829 
113830 
113831 
113832 
130220 
113836 
130221 
130222 
113839 
130224 
113840 
130225 
113841 
113842 
113843 
113844 
113845 
113846 
113847 
113848 
113849 
113850 
113851 
113852 
113853 
113854 
113855 
130240 
113856 
130241 
113857 
130242 
113858 
130243 
113859 
130244 
113860 
130245 
113861 
130246 
113862 
130247 
113863 
130248 
113864 
130249 
113865 
130250 
113866 
130251 
113867 
130252 
113868 
130253 
113869 
130254 
113870 
130255 
113871 
130256 
113872 
130257 
113873 
130258 
113874 
130259 
113875 
130260 
113876 
130261 
113877 
130262 
113878 
130263 
113879 
130264 
113880 
130265 
113881 
130266 
113882 
130267 
113883 
130268 
113884 
130269 
113885 
130270 
113886 
130271 
113887 
130272 
113888 
130273 
113889 
130274 
113890 
130275 
113891 
130276 
113892 
130277 
113893 
130278 
113894 
130279 
113895 
130280 
113896 
130281 
113897 
130282 
113898 
130283 
113899 
130284 
113900 
130285 
113901 
130286 
113902 
130287 
130288 
130289 
130290 
130291 
130292 
113908 
130293 
113909 
130294 
130295 
113911 
130296 
130297 
113913 
130298 
113914 
130299 
130300 
113916 
130301 
113917 
130302 
113918 
130303 
113919 
113920 
130305 
113921 
113922 
130307 
113923 
130308 
113924 
113925 
130310 
113926 
113927 
113928 
113929 
113930 
130316 
130317 
130318 
130319 
113935 
130320 
130321 
113937 
130322 
113938 
130323 
113939 
130324 
113940 
113941 
113942 
113943 
130328 
113944 
113945 
113946 
130331 
113947 
130332 
113948 
130333 
113949 
130334 
113950 
130335 
113951 
130336 
130337 
130338 
130339 
130340 
130341 
113957 
130342 
113958 
130343 
130344 
113960 
130345 
130346 
113962 
130347 
113963 
130348 
130349 
113965 
130350 
113966 
130351 
113967 
130352 
113968 
113969 
130354 
113970 
113971 
130356 
113972 
130357 
113973 
113974 
130359 
113975 
113976 
113977 
113978 
113979 
130365 
130366 
130367 
130368 
113984 
130369 
130370 
113986 
130371 
113987 
130372 
113988 
130373 
113989 
113990 
113991 
113992 
130377 
113994 
113995 
130380 
113996 
130381 
130382 
113998 
130383 
113999 
130384 
130385 
130386 
130387 
130388 
130389 
130390 
130391 
130392 
130393 
130394 
130398 
48480 
130401 
48481 
130402 
48482 
130403 
48483 
130404 
48484 
130405 
48485 
130406 
48486 
130407 
130408 
130410 
130412 
130413 
130415 
130416 
130417 
130418 
130419 
130420 
114036 
130421 
114037 
130422 
114038 
130423 
114039 
130424 
114040 
130425 
130426 
130427 
130428 
130429 
130434 
130436 
130437 
130438 
130439 
130440 
130441 
130442 
130443 
130447 
130450 
130451 
130452 
130453 
130454 
130455 
130456 
130457 
130459 
130461 
130462 
130464 
130465 
130466 
130467 
130468 
130469 
130470 
130471 
130472 
130473 
130474 
130475 
130476 
130477 
130478 
130483 
130486 
130487 
130488 
130490 
130491 
130528 
130529 
130530 
130531 
130532 
48893 
48897 
48900 
48901 
48902 
48903 
48904 
48905 
48906 
48907 
48908 
48911 
48913 
48914 
48915 
48918 
48920 
48921 
48923 
48925 
48926 
48928 
48930 
48932 
48933 
48935 
48941 
49040 
49046 
49047 
49048 
49051 
49053 
49054 
49055 
49058 
49060 
49061 
49062 
49063 
49064 
49065 
49066 
49067 
49068 
49071 
49072 
49074 
49075 
49078 
49079 
49081 
49082 
49088 
)

// ************************************************************************* //
