/*--------------------------------*- C++ -*----------------------------------*\
  =========                 |
  \\      /  F ield         | OpenFOAM: The Open Source CFD Toolbox
   \\    /   O peration     | Website:  https://openfoam.org
    \\  /    A nd           | Version:  6
     \\/     M anipulation  |
\*---------------------------------------------------------------------------*/
FoamFile
{
    version     2.0;
    format      ascii;
    class       regIOobject;
    location    "constant/polyMesh";
    object      cellZones;
}
// * * * * * * * * * * * * * * * * * * * * * * * * * * * * * * * * * * * * * //

1
(
cell_inner
{
    type cellZone;
cellLabels      List<label> 
13120
(
1100
1101
2285
2286
2292
2339
2340
2346
2505
2506
2512
2560
3527
5069
5076
5369
5376
6300
6307
6607
8105
8112
8471
8478
8520
8701
8708
8750
9072
9079
9121
9309
10436
11780
11829
13390
13439
15427
15476
17086
19214
19221
19244
19251
19258
19292
19299
19306
19341
19348
19355
19389
19641
19963
20012
20663
20712
21342
21391
21986
22581
22630
22791
22840
22889
23127
23176
23225
23470
23519
23568
23806
25122
27152
27495
31380
31723
35517
35860
39465
42733
42734
42735
42736
42737
42738
42739
42740
42741
42742
42743
42744
42745
42746
42754
42755
42756
42757
42758
42759
42760
42761
42762
42763
42764
42765
42766
42767
42768
42769
42770
42771
42772
42773
42774
42789
42790
42791
42792
42793
42794
42795
42796
42797
42798
42799
42800
42801
42802
42803
42804
42805
42806
42807
42808
42809
42824
42825
42826
42827
42828
42829
42830
42831
42832
42833
42834
42835
42836
42837
42838
42839
42840
42841
42842
42843
42844
42859
42860
42861
42862
42863
42864
42865
42873
42874
42875
42876
42877
42878
42879
42992
42993
42994
42995
42996
42997
42998
43027
43028
43029
43030
43031
43032
43033
43160
43161
43162
43163
43164
43165
43166
43195
43196
43197
43198
43199
43200
43201
43335
43336
43337
43338
43339
43340
43341
43370
43371
43372
43373
43374
43375
43376
43503
43504
43505
43506
43507
43508
43509
43580
43581
43582
43583
43584
43585
43586
43629
43630
43631
43632
43633
43634
43635
43741
43742
43743
43744
43745
43746
43747
43790
43791
43792
43793
43794
43795
43796
43839
43840
43841
43842
43843
43844
43845
43979
43980
43981
43982
43983
43984
43985
44028
44029
44030
44031
44032
44033
44034
44077
44078
44079
44080
44081
44082
44083
44224
44225
44226
44227
44228
44229
44230
44273
44274
44275
44276
44277
44278
44279
44322
44323
44324
44325
44326
44327
44328
44462
44463
44464
44465
44466
44467
44468
44574
44575
44576
44577
44578
44579
44580
45295
45296
45297
45298
45299
45300
45301
45512
45513
45514
45515
45516
45517
45518
46345
46346
46347
46348
46349
46350
46351
46562
46563
46564
46565
46566
46567
46568
47430
47431
47432
47433
47434
47435
47436
47647
47648
47649
47650
47651
47652
47653
48480
48481
48482
48483
48484
48485
48486
48893
48897
48900
48901
48902
48903
48904
48905
48906
48907
48908
48911
48913
48914
48915
48918
48920
48921
48923
48925
48926
48928
48930
48932
48933
48935
48941
48942
48946
48949
48950
48951
48952
48953
48954
48955
48956
48957
48960
48961
48963
48964
48967
48968
48970
48972
48974
48975
48977
48979
48981
48982
48984
48988
49040
49046
49047
49048
49051
49053
49054
49055
49058
49060
49061
49062
49063
49064
49065
49066
49067
49068
49071
49072
49074
49075
49078
49079
49081
49082
49088
49089
49095
49096
49097
49100
49101
49103
49104
49107
49108
49110
49111
49112
49113
49114
49115
49116
49117
49121
49124
49127
49128
49130
49131
49134
49135
49137
49138
49144
49145
49146
49149
49150
49152
49153
49156
49157
49159
49160
49161
49162
49163
49164
49165
49166
49170
49173
49176
49177
49179
49180
49183
49184
49186
49285
49290
49292
49293
49296
49298
49299
49300
49301
49302
49303
49304
49305
49306
49307
49310
49312
49313
49315
49317
49318
49320
49323
49324
49326
49327
49333
49334
49339
49341
49342
49345
49346
49348
49349
49350
49351
49352
49353
49354
49355
49356
49359
49360
49362
49365
49366
49368
49369
49373
49376
49378
49380
49381
49383
49388
49390
49391
49394
49395
49397
49398
49399
49400
49401
49402
49403
49404
49405
49408
49409
49411
49413
49415
49416
49418
49421
49422
49424
49425
49429
49530
49535
49537
49538
49541
49543
49544
49545
49546
49547
49548
49549
49550
49551
49552
49555
49557
49558
49560
49562
49563
49565
49568
49569
49571
49572
49578
49579
49584
49586
49587
49590
49591
49593
49594
49595
49596
49597
49598
49599
49600
49601
49604
49605
49607
49610
49611
49613
49614
49618
49621
49623
49625
49626
49628
49633
49635
49636
49639
49640
49642
49643
49644
49645
49646
49647
49648
49649
49650
49653
49654
49656
49658
49660
49661
49663
49666
49667
49669
49670
49674
49775
49779
49782
49783
49784
49785
49786
49787
49788
49789
49790
49793
49794
49796
49797
49800
49801
49803
49807
49810
49812
49814
49815
49817
49819
49821
49822
49873
49877
49880
49881
49882
49883
49884
49885
49886
49887
49888
49891
49892
49894
49895
49898
49899
49901
49903
49905
49906
49908
49910
49912
49913
49915
49919
50706
50710
50713
50714
50715
50716
50717
50718
50719
50720
50721
50724
50725
50727
50728
50731
50732
50734
50738
50741
50743
50745
50746
50748
50750
50752
50753
50951
50955
50958
50959
50960
50961
50962
50963
50964
50965
50966
50969
50970
50972
50973
50976
50977
50979
50983
50986
50988
50990
50991
50993
50995
50997
50998
51882
51886
51889
51890
51891
51892
51893
51894
51895
51896
51897
51900
51901
51903
51904
51907
51908
51910
51912
51914
51915
51917
51919
51921
51922
51924
51928
52127
52131
52134
52135
52136
52137
52138
52139
52140
52141
52142
52145
52146
52148
52149
52152
52153
52155
52157
52159
52160
52162
52166
52169
52171
52173
52174
53107
53111
53114
53115
53116
53117
53118
53119
53120
53121
53122
53125
53126
53128
53129
53132
53133
53135
53137
53139
53140
53142
53144
53146
53147
53149
53153
53352
53356
53359
53360
53361
53362
53363
53364
53365
53366
53367
53370
53371
53373
53374
53377
53378
53380
53382
53384
53385
53387
53391
53394
53396
53398
53399
54283
54287
54290
54291
54292
54293
54294
54295
54296
54297
54298
54301
54302
54304
54305
54308
54309
54311
54315
54318
54320
54322
54323
54325
54327
54329
54330
54822
54826
54829
54830
54831
54832
54833
54834
54835
54836
54837
54841
54842
54843
54844
54848
54849
54850
54852
54854
54856
54857
54859
54861
54863
54864
54870
55165
55169
55172
55173
55174
55175
55176
55177
55178
55179
55180
55184
55185
55186
55187
55191
55192
55193
55195
55197
55199
55200
55202
55204
55206
55207
55213
55949
55953
55956
55957
55958
55959
55960
55961
55962
55963
55964
55968
55969
55970
55971
55975
55976
55977
55979
55981
55983
55984
55986
55988
55990
55991
55997
56292
56296
56299
56300
56301
56302
56303
56304
56305
56306
56307
56311
56312
56313
56314
56318
56319
56320
56322
56324
56326
56327
56329
56331
56333
56334
56340
56635
56639
56642
56643
56644
56645
56646
56647
56648
56649
56650
56654
56655
56656
56657
56661
56662
56663
56665
56667
56669
56670
56672
56674
56676
56677
56683
57615
57619
57622
57623
57624
57625
57626
57627
57628
57629
57630
57633
57635
57636
57637
57640
57642
57643
57645
57647
57648
57650
57652
57654
57655
57657
57663
57958
57962
57965
57966
57967
57968
57969
57970
57971
57972
57973
57976
57978
57979
57980
57984
57985
57986
57988
57990
57991
57993
57995
57997
57999
58000
58006
58301
58305
58308
58309
58310
58311
58312
58313
58314
58315
58316
58319
58321
58322
58323
58326
58328
58329
58331
58333
58334
58336
58338
58340
58341
58343
58349
59330
59334
59337
59338
59339
59340
59341
59342
59343
59344
59345
59348
59350
59351
59352
59355
59357
59358
59360
59362
59363
59365
59367
59369
59370
59372
59378
59673
59677
59680
59681
59682
59683
59684
59685
59686
59687
59688
59691
59693
59694
59695
59699
59700
59701
59703
59705
59706
59708
59710
59712
59714
59715
59721
60016
60020
60023
60024
60025
60026
60027
60028
60029
60030
60031
60034
60036
60037
60038
60041
60043
60044
60046
60048
60049
60051
60053
60055
60056
60058
60064
60996
61000
61003
61004
61005
61006
61007
61008
61009
61010
61011
61014
61016
61017
61018
61021
61023
61024
61026
61028
61029
61031
61033
61035
61036
61038
61044
61836
61840
61843
61844
61845
61846
61847
61848
61849
61850
61851
61854
61856
61857
61858
61861
61863
61864
61868
61871
61873
61875
61877
61878
61880
61882
61884
68395
68399
68402
68403
68404
68405
68406
68407
68408
68409
68410
68413
68415
68416
68417
68420
68422
68423
68427
68430
68432
68434
68436
68437
68439
68441
68443
70362
70366
70369
70370
70371
70372
70373
70374
70375
70376
70377
70380
70382
70383
70384
70387
70389
70390
70394
70397
70399
70401
70403
70404
70406
70408
70410
77901
77905
77908
77909
77910
77911
77912
77913
77914
77915
77916
77919
77920
77922
77923
77926
77927
77929
77933
77936
77938
77940
77941
77943
77945
77947
77948
79868
79872
79875
79876
79877
79878
79879
79880
79881
79882
79883
79886
79887
79889
79890
79893
79895
79896
79900
79903
79905
79907
79908
79910
79912
79914
79916
87736
87740
87743
87744
87745
87746
87747
87748
87749
87750
87751
87754
87755
87757
87758
87761
87762
87764
87768
87771
87773
87775
87776
87778
87780
87782
87783
89703
89707
89710
89711
89712
89713
89714
89715
89716
89717
89718
89721
89722
89724
89725
89728
89730
89731
89735
89738
89740
89742
89743
89745
89747
89749
89751
97242
97246
97249
97250
97251
97252
97253
97254
97255
97256
97257
97260
97261
97263
97264
97267
97268
97270
97274
97277
97279
97281
97282
97284
97286
97288
97289
100973
100974
100975
100976
100977
100978
100979
100980
100981
100982
100983
100984
100985
100986
100987
100988
100989
100990
100991
100992
100993
100994
100995
100996
100997
100998
100999
101000
101001
101002
101003
101004
101005
101006
101007
101008
101009
101010
101011
101012
101013
101014
101015
101016
101017
101018
101019
101020
101021
101022
101023
101024
101025
101026
101027
101028
101029
101030
101031
101032
101033
101034
101035
101036
101037
101038
101039
101040
101041
101042
101043
101044
101045
101046
101047
101048
101049
101050
101051
101052
101053
101054
101055
101056
101057
101058
101059
101060
101061
101062
101063
101064
101065
101066
101067
101068
101069
101070
101071
101072
101073
101074
101075
101076
101077
101078
101079
101080
101081
101082
101083
101084
101085
101086
101087
101088
101089
101090
101091
101092
101093
101094
101095
101096
101097
101098
101099
101100
101101
101102
101103
101104
101105
101106
101107
101108
101109
101110
101111
101112
101113
101114
101115
101116
101117
101118
101119
101148
101149
101150
101151
101152
101153
101154
101197
101198
101199
101200
101201
101202
101203
101232
101233
101234
101235
101236
101237
101238
101267
101268
101269
101270
101271
101272
101273
101295
101296
101297
101298
101299
101300
101301
101330
101331
101332
101333
101334
101335
101336
101365
101366
101367
101368
101369
101370
101371
101400
101401
101402
101403
101404
101405
101406
101435
101436
101437
101438
101439
101440
101441
101470
101471
101472
101473
101474
101475
101476
101498
101499
101500
101501
101502
101503
101504
101533
101534
101535
101536
101537
101538
101539
101568
101569
101570
101571
101572
101573
101574
101603
101604
101605
101606
101607
101608
101609
101638
101639
101640
101641
101642
101643
101644
101673
101674
101675
101676
101677
101678
101679
101708
101709
101710
101711
101712
101713
101714
101743
101744
101745
101746
101747
101748
101749
101778
101779
101780
101781
101782
101783
101784
101820
101821
101822
101823
101824
101825
101826
101827
101828
101831
101833
101834
101835
101838
101840
101841
101843
101845
101846
101848
101850
101852
101853
101869
101870
101871
101872
101873
101874
101875
101876
101877
101880
101881
101883
101884
101887
101888
101890
101892
101894
101895
101897
101899
101901
101902
101918
101919
101922
101924
101925
101926
101929
101931
101932
101933
101934
101935
101936
101937
101938
101939
101942
101943
101945
101946
101949
101950
101952
101967
101968
101971
101972
101974
101975
101978
101979
101981
101982
101983
101984
101985
101986
101987
101995
101998
101999
102001
102002
102005
102006
102008
102016
102017
102020
102021
102023
102024
102027
102028
102030
102031
102032
102033
102034
102035
102036
102044
102047
102048
102050
102051
102054
102055
102057
102065
102066
102069
102071
102072
102073
102074
102075
102076
102077
102078
102079
102080
102083
102085
102086
102088
102090
102091
102093
102096
102097
102099
102114
102115
102118
102119
102121
102122
102123
102124
102125
102126
102127
102128
102129
102132
102133
102135
102138
102139
102141
102149
102151
102153
102154
102163
102164
102167
102168
102170
102171
102172
102173
102174
102175
102176
102177
102178
102181
102182
102184
102186
102188
102189
102191
102194
102195
102197
102212
102213
102216
102218
102219
102220
102221
102222
102223
102224
102225
102226
102227
102230
102232
102233
102235
102237
102238
102240
102243
102244
102246
102261
102262
102265
102266
102268
102269
102270
102271
102272
102273
102274
102275
102276
102279
102280
102282
102285
102286
102288
102296
102298
102300
102301
102310
102311
102314
102315
102317
102318
102319
102320
102321
102322
102323
102324
102325
102328
102329
102331
102333
102335
102336
102338
102341
102342
102344
102359
102360
102361
102362
102363
102364
102365
102366
102367
102370
102371
102373
102374
102377
102378
102387
102389
102391
102392
102394
102396
102398
102399
102408
102409
102410
102411
102412
102413
102414
102415
102416
102419
102420
102422
102423
102426
102427
102429
102431
102433
102434
102436
102438
102440
102441
102457
102458
102459
102460
102461
102462
102463
102464
102465
102468
102469
102471
102472
102475
102476
102485
102487
102489
102490
102492
102494
102496
102497
102506
102507
102508
102509
102510
102511
102512
102513
102514
102517
102518
102520
102521
102524
102525
102534
102536
102538
102539
102541
102543
102545
102546
102555
102556
102557
102558
102559
102560
102561
102562
102563
102566
102567
102569
102570
102573
102574
102576
102578
102580
102581
102583
102585
102587
102588
102604
102605
102606
102607
102608
102609
102610
102611
102612
102615
102616
102618
102619
102622
102623
102625
102627
102629
102630
102639
102641
102643
102644
102653
102654
102655
102656
102657
102658
102659
102660
102661
102664
102665
102667
102668
102671
102672
102674
102676
102678
102679
102681
102683
102685
102686
102702
102703
102704
102705
102706
102707
102708
102709
102710
102713
102714
102716
102717
102720
102721
102723
102725
102727
102728
102737
102739
102741
102742
102751
102752
102753
102754
102755
102756
102757
102758
102759
102762
102763
102765
102766
102769
102770
102779
102781
102783
102784
102786
102788
102790
102791
102814
102815
102816
102817
102818
102819
102820
102821
102822
102826
102827
102828
102829
102833
102834
102835
102837
102839
102841
102842
102844
102846
102848
103031
103032
103033
103034
103035
103036
103037
103038
103039
103043
103044
103045
103046
103050
103051
103052
103054
103056
103058
103059
103061
103063
103065
103318
103319
103320
103321
103322
103323
103324
103325
103326
103330
103331
103332
103333
103337
103338
103339
103341
103343
103345
103346
103348
103350
103352
103535
103536
103537
103538
103539
103540
103541
103542
103543
103547
103548
103549
103550
103554
103555
103556
103558
103560
103562
103563
103565
103567
103569
103752
103753
103754
103755
103756
103757
103758
103759
103760
103764
103765
103766
103767
103771
103772
103773
103775
103777
103779
103780
103782
103784
103786
103934
103935
103936
103937
103938
103939
103940
103941
103942
103945
103947
103948
103949
103952
103954
103955
103957
103959
103960
103962
103964
103966
103967
104151
104152
104153
104154
104155
104156
104157
104158
104159
104162
104164
104165
104166
104170
104171
104172
104174
104176
104177
104179
104181
104183
104185
104368
104369
104370
104371
104372
104373
104374
104375
104376
104379
104381
104382
104383
104386
104388
104389
104391
104393
104394
104396
104398
104400
104401
104585
104586
104587
104588
104589
104590
104591
104592
104593
104596
104598
104599
104600
104603
104605
104606
104608
104610
104611
104613
104615
104617
104618
104802
104803
104804
104805
104806
104807
104808
104809
104810
104813
104815
104816
104817
104821
104822
104823
104825
104827
104828
104830
104832
104834
104836
105019
105020
105021
105022
105023
105024
105025
105026
105027
105030
105032
105033
105034
105037
105039
105040
105042
105044
105045
105047
105049
105051
105052
105201
105202
105203
105204
105205
105206
105207
105208
105209
105212
105214
105215
105216
105219
105221
105222
105224
105226
105227
105229
105231
105233
105234
105418
105419
105420
105421
105422
105423
105424
105425
105426
105429
105431
105432
105433
105436
105438
105446
105448
105450
105452
105453
105455
105457
105459
105635
105636
105637
105638
105639
105640
105641
105642
105643
105646
105648
105649
105650
105653
105655
105663
105665
105667
105669
105670
105672
105674
105676
105852
105853
105854
105855
105856
105857
105858
105859
105860
105863
105865
105866
105867
105870
105872
105880
105882
105884
105886
105887
105889
105891
105893
106069
106070
106071
106072
106073
106074
106075
106076
106077
106080
106081
106083
106084
106087
106088
106097
106099
106101
106102
106104
106106
106108
106109
106286
106287
106288
106289
106290
106291
106292
106293
106294
106297
106298
106300
106301
106304
106306
106314
106316
106318
106319
106321
106323
106325
106327
106503
106504
106505
106506
106507
106508
106509
106510
106511
106514
106515
106517
106518
106521
106522
106531
106533
106535
106536
106538
106540
106542
106543
106720
106721
106722
106723
106724
106725
106726
106727
106728
106731
106732
106734
106735
106738
106740
106748
106750
106752
106753
106755
106757
106759
106761
106937
106938
106939
106940
106941
106942
106943
106944
106945
106948
106949
106951
106952
106955
106956
106965
106967
106969
106970
106972
106974
106976
106977
107133
107134
107135
107136
107137
107138
107139
107140
107141
107142
107143
107144
107145
107146
107147
107148
107149
107150
107151
107152
107153
107154
107155
107156
107157
107158
107159
107160
107161
107162
107163
107164
107165
107166
107167
107168
107169
107170
107171
107172
107173
107174
107175
107176
107177
107178
107179
107180
107181
107182
107183
107184
107185
107186
107187
107188
107189
107190
107191
107192
107193
107194
107195
107196
107197
107198
107199
107200
107201
107202
107203
107204
107205
107206
107207
107208
107209
107210
107211
107212
107213
107214
107215
107216
107217
107218
107219
107220
107221
107222
107223
107224
107225
107226
107227
107228
107229
107230
107231
107232
107233
107234
107235
107236
107237
107238
107239
107240
107241
107242
107243
107244
107245
107246
107247
107248
107249
107250
107251
107252
107253
107254
107255
107256
107257
107258
107259
107260
107261
107262
107263
107264
107265
107266
107267
107268
107269
107270
107271
107272
107273
107274
107275
107276
107277
107278
107279
107280
107281
107282
107283
107284
107285
107286
107287
107288
107289
107290
107291
107292
107293
107294
107295
107296
107297
107298
107299
107300
107301
107302
107303
107304
107305
107306
107307
107308
107309
107310
107311
107312
107313
107314
107315
107316
107317
107318
107319
107320
107321
107322
107323
107324
107325
107326
107327
107328
107329
107330
107331
107332
107333
107334
107335
107336
107337
107338
107339
107340
107341
107342
107343
107344
107345
107346
107347
107348
107349
107350
107351
107352
107353
107354
107355
107356
107357
107358
107359
107360
107361
107362
107363
107364
107365
107366
107367
107368
107369
107370
107371
107372
107373
107374
107375
107376
107377
107378
107379
107380
107381
107382
107383
107384
107385
107386
107387
107388
107389
107390
107391
107392
107393
107394
107395
107396
107397
107398
107399
107400
107401
107402
107403
107404
107405
107406
107407
107408
107409
107410
107411
107412
107413
107414
107415
107416
107417
107418
107419
107420
107421
107422
107423
107424
107425
107426
107427
107428
107429
107430
107431
107432
107433
107434
107435
107436
107437
107438
107439
107440
107441
107442
107443
107444
107445
107446
107447
107448
107449
107450
107451
107452
107453
107454
107455
107456
107457
107458
107459
107460
107461
107462
107463
107464
107465
107466
107467
107468
107469
107470
107471
107472
107473
107474
107475
107476
107477
107478
107479
107480
107481
107482
107483
107484
107485
107486
107487
107488
107489
107490
107491
107492
107493
107494
107495
107496
107497
107498
107499
107500
107501
107502
107503
107504
107505
107506
107507
107508
107509
107510
107511
107512
107513
107514
107515
107516
107517
107518
107519
107520
107521
107522
107523
107524
107525
107526
107527
107528
107529
107530
107531
107532
107533
107534
107535
107536
107537
107538
107539
107540
107541
107542
107543
107544
107545
107546
107547
107548
107549
107550
107551
107552
107553
107554
107555
107556
107557
107558
107559
107560
107561
107562
107563
107564
107565
107566
107567
107568
107569
107570
107571
107572
107573
107574
107575
107576
107577
107578
107579
107580
107581
107582
107583
107584
107585
107586
107587
107588
107589
107590
107591
107592
107593
107594
107595
107596
107597
107598
107599
107600
107601
107602
107603
107604
107605
107606
107607
107608
107609
107610
107611
107612
107613
107614
107615
107616
107617
107618
107619
107620
107621
107622
107623
107624
107625
107626
107627
107628
107629
107630
107631
107632
107633
107634
107635
107636
107637
107638
107639
107640
107641
107642
107643
107644
107645
107646
107647
107648
107649
107650
107651
107652
107653
107654
107655
107656
107657
107658
107659
107660
107661
107662
107663
107664
107665
107666
107667
107668
107669
107670
107671
107672
107673
107674
107675
107676
107677
107678
107679
107680
107681
107682
107683
107684
107685
107686
107687
107688
107689
107690
107691
107692
107693
107694
107695
107696
107697
107698
107699
107700
107701
107702
107703
107704
107705
107706
107707
107708
107709
107710
107711
107712
107713
107714
107715
107716
107717
107718
107719
107720
107721
107722
107723
107724
107725
107726
107727
107728
107729
107730
107731
107732
107733
107734
107735
107736
107737
107738
107739
107740
107741
107742
107743
107744
107745
107746
107747
107748
107749
107750
107751
107752
107753
107754
107755
107756
107757
107758
107759
107760
107761
107762
107763
107764
107765
107766
107767
107768
107769
107770
107771
107772
107773
107774
107775
107776
107777
107778
107779
107780
107781
107782
107783
107784
107785
107786
107787
107788
107789
107790
107791
107792
107793
107794
107795
107796
107797
107798
107799
107800
107801
107802
107803
107804
107805
107806
107807
107808
107809
107810
107811
107812
107813
107814
107815
107816
107817
107818
107819
107820
107821
107822
107823
107824
107825
107826
107827
107828
107829
107830
107831
107832
107833
107834
107835
107836
107837
107838
107839
107840
107841
107842
107843
107844
107845
107846
107847
107848
107849
107850
107851
107852
107853
107854
107855
107856
107857
107858
107859
107860
107861
107862
107863
107864
107865
107866
107867
107868
107869
107870
107871
107872
107873
107874
107875
107876
107877
107878
107879
107880
107881
107882
107883
107884
107885
107886
107887
107888
107889
107890
107891
107892
107893
107894
107895
107896
107897
107898
107899
107900
107901
107902
107903
107904
107905
107906
107907
107908
107909
107910
107911
107912
107913
107914
107915
107916
107917
107918
107919
107920
107921
107922
107923
107924
107925
107926
107927
107928
107929
107930
107931
107932
107933
107934
107935
107936
107937
107938
107939
107940
107941
107942
107943
107944
107945
107946
107947
107948
107949
107950
107951
107952
107953
107954
107955
107956
107957
107958
107959
107960
107961
107962
107963
107964
107965
107966
107967
107968
107969
107970
107971
107972
107973
107974
107975
107976
107977
107978
107979
107980
107981
107982
107983
107984
107985
107986
107987
107988
107989
107990
107991
107992
107993
107994
107995
107996
107997
107998
107999
108000
108001
108002
108003
108004
108005
108006
108007
108008
108009
108010
108011
108012
108013
108014
108015
108016
108017
108018
108019
108020
108021
108022
108023
108024
108025
108026
108027
108028
108029
108030
108031
108032
108033
108034
108035
108036
108037
108038
108039
108040
108041
108042
108043
108044
108045
108046
108047
108048
108049
108050
108051
108052
108053
108054
108055
108056
108057
108058
108059
108060
108061
108062
108063
108064
108065
108066
108067
108068
108069
108070
108071
108072
108073
108074
108075
108076
108077
108078
108079
108080
108081
108082
108083
108084
108085
108086
108087
108088
108089
108090
108091
108092
108093
108094
108095
108096
108097
108098
108099
108100
108101
108102
108103
108104
108105
108106
108107
108108
108109
108110
108111
108112
108113
108114
108115
108116
108117
108118
108119
108120
108121
108122
108123
108124
108125
108126
108127
108128
108129
108130
108131
108132
108133
108134
108135
108136
108137
108138
108139
108140
108141
108142
108143
108144
108145
108146
108147
108148
108149
108150
108151
108152
108153
108154
108155
108156
108157
108158
108159
108160
108161
108358
108359
108360
108361
108362
108363
108364
108365
108366
108367
108368
108369
108370
108371
108372
108373
108374
108375
108376
108377
108378
108379
108380
108381
108382
108383
108384
108385
108386
108387
108388
108389
108390
108391
108392
108393
108394
108395
108396
108397
108398
108399
108400
108401
108402
108403
108404
108405
108406
108701
108702
108703
108704
108705
108706
108707
108708
108709
108710
108711
108712
108713
108714
108715
108716
108717
108718
108719
108720
108721
108722
108723
108724
108725
108726
108727
108728
108729
108730
108731
108732
108733
108734
108735
108736
108737
108738
108739
108740
108741
108742
108743
108744
108745
108746
108747
108748
108749
108946
108947
108948
108949
108950
108951
108952
108953
108954
108955
108956
108957
108958
108959
108960
108961
108962
108963
108964
108965
108966
108967
108968
108969
108970
108971
108972
108973
108974
108975
108976
108977
108978
108979
108980
108981
108982
108983
108984
108985
108986
108987
108988
108989
108990
108991
108992
108993
108994
109191
109192
109193
109194
109195
109196
109197
109198
109199
109200
109201
109202
109203
109204
109205
109206
109207
109208
109209
109210
109211
109212
109213
109214
109215
109216
109217
109218
109219
109220
109221
109222
109223
109224
109225
109226
109227
109228
109229
109230
109231
109232
109233
109234
109235
109236
109237
109238
109239
109387
109388
109389
109390
109391
109392
109393
109394
109395
109396
109397
109398
109399
109400
109401
109402
109403
109404
109405
109406
109407
109408
109409
109410
109411
109412
109413
109414
109415
109416
109417
109418
109419
109420
109421
109422
109423
109424
109425
109426
109427
109428
109429
109430
109431
109432
109433
109434
109435
109632
109633
109634
109635
109636
109637
109638
109639
109640
109641
109642
109643
109644
109645
109646
109647
109648
109649
109650
109651
109652
109653
109654
109655
109656
109657
109658
109659
109660
109661
109662
109663
109664
109665
109666
109667
109668
109669
109670
109671
109672
109673
109674
109675
109676
109677
109678
109679
109680
109877
109878
109879
109880
109881
109882
109883
109884
109885
109886
109887
109888
109889
109890
109891
109892
109893
109894
109895
109896
109897
109898
109899
109900
109901
109902
109903
109904
109905
109906
109907
109908
109909
109910
109911
109912
109913
109914
109915
109916
109917
109918
109919
109920
109921
109922
109923
109924
109925
110122
110123
110124
110125
110126
110127
110128
110129
110130
110131
110132
110133
110134
110135
110136
110137
110138
110139
110140
110141
110142
110143
110144
110145
110146
110147
110148
110149
110150
110151
110152
110153
110154
110155
110156
110157
110158
110159
110160
110161
110162
110163
110164
110165
110166
110167
110168
110169
110170
110367
110368
110369
110370
110371
110372
110373
110374
110375
110376
110377
110378
110379
110380
110381
110382
110383
110384
110385
110386
110387
110388
110389
110390
110391
110392
110393
110394
110395
110396
110397
110398
110399
110400
110401
110402
110403
110404
110405
110406
110407
110408
110409
110410
110411
110412
110413
110414
110415
110612
110613
110614
110615
110616
110617
110618
110619
110620
110621
110622
110623
110624
110625
110626
110627
110628
110629
110630
110631
110632
110633
110634
110635
110636
110637
110638
110639
110640
110641
110642
110643
110644
110645
110646
110647
110648
110649
110650
110651
110652
110653
110654
110655
110656
110657
110658
110659
110660
110808
110809
110810
110811
110812
110813
110814
110815
110816
110817
110818
110819
110820
110821
110822
110823
110824
110825
110826
110827
110828
110829
110830
110831
110832
110833
110834
110835
110836
110837
110838
110839
110840
110841
110842
110843
110844
110845
110846
110847
110848
110849
110850
110851
110852
110853
110854
110855
110856
111053
111054
111055
111056
111057
111058
111059
111060
111061
111062
111063
111064
111065
111066
111067
111068
111069
111070
111071
111072
111073
111074
111075
111076
111077
111078
111079
111080
111081
111082
111083
111084
111085
111086
111087
111088
111089
111090
111091
111092
111093
111094
111095
111096
111097
111098
111099
111100
111101
111298
111299
111300
111301
111302
111303
111304
111305
111306
111307
111308
111309
111310
111311
111312
111313
111314
111315
111316
111317
111318
111319
111320
111321
111322
111323
111324
111325
111326
111327
111328
111329
111330
111331
111332
111333
111334
111335
111336
111337
111338
111339
111340
111341
111342
111343
111344
111345
111346
111543
111544
111545
111546
111547
111548
111549
111550
111551
111552
111553
111554
111555
111556
111557
111558
111559
111560
111561
111562
111563
111564
111565
111566
111567
111568
111569
111570
111571
111572
111573
111574
111575
111576
111577
111578
111579
111580
111581
111582
111583
111584
111585
111586
111587
111588
111589
111590
111591
111788
111789
111790
111791
111792
111793
111794
111795
111796
111797
111798
111799
111800
111801
111802
111803
111804
111805
111806
111807
111808
111809
111810
111811
111812
111813
111814
111815
111816
111817
111818
111819
111820
111821
111822
111823
111824
111825
111826
111827
111828
111829
111830
111831
111832
111833
111834
111835
111836
112033
112034
112035
112036
112037
112038
112039
112040
112041
112042
112043
112044
112045
112046
112047
112048
112049
112050
112051
112052
112053
112054
112055
112056
112057
112058
112059
112060
112061
112062
112063
112064
112065
112066
112067
112068
112069
112070
112071
112072
112073
112074
112075
112076
112077
112078
112079
112080
112081
112278
112279
112280
112281
112282
112283
112284
112285
112286
112287
112288
112289
112290
112291
112292
112293
112294
112295
112296
112297
112298
112299
112300
112301
112302
112303
112304
112305
112306
112307
112308
112309
112310
112311
112312
112313
112314
112315
112316
112317
112318
112319
112320
112321
112322
112323
112324
112325
112326
112523
112524
112525
112526
112527
112528
112529
112530
112531
112532
112533
112534
112535
112536
112537
112538
112539
112540
112541
112542
112543
112544
112545
112546
112547
112548
112549
112550
112551
112552
112553
112554
112555
112556
112557
112558
112559
112560
112561
112562
112563
112564
112565
112566
112567
112568
112569
112570
112571
112768
112769
112770
112771
112772
112773
112774
112775
112776
112777
112778
112779
112780
112781
112782
112783
112784
112785
112786
112787
112788
112789
112790
112791
112792
112793
112794
112795
112796
112797
112798
112799
112800
112801
112802
112803
112804
112805
112806
112807
112808
112809
112810
112811
112812
112813
112814
112815
112816
113014
113015
113016
113017
113018
113042
113043
113044
113045
113046
113062
113063
113064
113065
113066
113067
113068
113069
113070
113071
113072
113073
113074
113075
113076
113077
113078
113079
113080
113081
113082
113083
113084
113085
113086
113087
113088
113089
113090
113091
113092
113093
113094
113095
113096
113097
113098
113099
113100
113101
113102
113103
113104
113105
113106
113107
113108
113109
113110
113111
113112
113113
113114
113115
113116
113117
113118
113119
113120
113121
113122
113123
113124
113125
113127
113129
113130
113132
113138
113139
113140
113141
113142
113143
113144
113145
113146
113150
113153
113154
113155
113156
113157
113158
113159
113160
113161
113162
113163
113164
113165
113166
113167
113168
113169
113170
113171
113172
113173
113174
113176
113178
113179
113181
113187
113188
113189
113190
113191
113192
113193
113194
113195
113199
113202
113203
113204
113205
113206
113207
113208
113209
113210
113211
113212
113213
113214
113215
113216
113221
113223
113224
113225
113226
113227
113228
113229
113230
113232
113234
113235
113237
113238
113239
113240
113241
113242
113243
113244
113245
113246
113247
113248
113249
113250
113251
113256
113258
113259
113260
113261
113262
113263
113264
113265
113270
113272
113273
113274
113275
113276
113277
113278
113279
113281
113283
113284
113286
113287
113288
113289
113290
113291
113292
113293
113294
113295
113296
113297
113298
113299
113300
113305
113308
113309
113310
113312
113313
113350
113351
113352
113353
113354
113357
113358
113359
113360
113361
113385
113386
113387
113388
113389
113405
113406
113407
113408
113409
113410
113411
113412
113413
113414
113415
113416
113417
113418
113419
113420
113421
113422
113423
113424
113425
113426
113427
113428
113429
113430
113431
113432
113433
113434
113435
113436
113437
113438
113439
113440
113441
113442
113443
113444
113445
113446
113447
113448
113449
113450
113451
113452
113453
113454
113455
113456
113457
113458
113459
113460
113461
113462
113463
113464
113465
113466
113467
113468
113470
113472
113473
113475
113480
113482
113483
113484
113485
113486
113487
113488
113489
113490
113491
113492
113493
113494
113495
113496
113500
113503
113504
113505
113506
113507
113508
113509
113510
113511
113512
113513
113514
113515
113516
113517
113519
113521
113522
113524
113529
113531
113532
113533
113534
113535
113536
113537
113538
113539
113540
113541
113542
113543
113544
113545
113549
113552
113553
113554
113555
113556
113557
113558
113559
113564
113566
113567
113568
113569
113570
113571
113572
113573
113575
113577
113578
113580
113581
113582
113583
113584
113585
113586
113587
113588
113589
113590
113591
113592
113593
113594
113599
113601
113602
113603
113604
113605
113606
113607
113608
113613
113615
113616
113617
113618
113619
113620
113621
113622
113624
113626
113627
113629
113630
113631
113632
113633
113634
113635
113636
113637
113638
113639
113640
113641
113642
113643
113648
113651
113652
113653
113655
113656
113679
113680
113681
113682
113683
113700
113701
113702
113703
113704
113742
113743
113744
113745
113746
113748
113749
113750
113751
113752
113753
113754
113755
113756
113757
113758
113759
113760
113761
113762
113764
113766
113767
113769
113775
113776
113777
113778
113779
113780
113781
113782
113783
113787
113790
113791
113792
113793
113794
113795
113796
113797
113798
113799
113800
113801
113802
113803
113804
113805
113806
113807
113808
113809
113810
113811
113813
113815
113816
113818
113824
113825
113826
113827
113828
113829
113830
113831
113832
113836
113839
113840
113841
113842
113843
113844
113845
113846
113847
113848
113849
113850
113851
113852
113853
113854
113855
113856
113857
113858
113859
113860
113861
113862
113863
113864
113865
113866
113867
113868
113869
113870
113871
113872
113873
113874
113875
113876
113877
113878
113879
113880
113881
113882
113883
113884
113885
113886
113887
113888
113889
113890
113891
113892
113893
113894
113895
113896
113897
113898
113899
113900
113901
113902
113908
113909
113911
113913
113914
113916
113917
113918
113919
113920
113921
113922
113923
113924
113925
113926
113927
113928
113929
113930
113935
113937
113938
113939
113940
113941
113942
113943
113944
113945
113946
113947
113948
113949
113950
113951
113957
113958
113960
113962
113963
113965
113966
113967
113968
113969
113970
113971
113972
113973
113974
113975
113976
113977
113978
113979
113984
113986
113987
113988
113989
113990
113991
113992
113994
113995
113996
113998
113999
114036
114037
114038
114039
114040
114043
114044
114045
114047
114048
114085
114086
114087
114088
114089
114091
114092
114093
114094
114095
114096
114097
114098
114099
114100
114101
114102
114103
114104
114105
114110
114112
114114
114116
114117
114119
114120
114121
114122
114123
114124
114125
114126
114127
114128
114129
114130
114131
114132
114133
114138
114140
114141
114142
114143
114144
114145
114146
114147
114148
114149
114150
114151
114152
114153
114154
114159
114161
114163
114165
114166
114168
114169
114170
114171
114172
114173
114174
114175
114176
114177
114178
114179
114180
114181
114182
114187
114189
114190
114191
114192
114193
114194
114195
114196
114197
114198
114199
114200
114201
114202
114203
114204
114205
114206
114207
114208
114209
114210
114211
114212
114213
114214
114215
114216
114217
114218
114219
114220
114221
114222
114223
114224
114225
114226
114227
114228
114229
114230
114231
114232
114233
114234
114235
114236
114237
114239
114240
114241
114243
114244
114267
114268
114269
114270
114271
114287
114288
114289
114290
114291
114292
114293
114294
114300
114301
114303
114305
114306
114308
114309
114310
114311
114312
114313
114314
114315
114316
114317
114318
114319
114320
114321
114322
114327
114329
114330
114331
114332
114333
114334
114335
114336
114337
114338
114339
114340
114341
114342
114343
114349
114350
114352
114354
114355
114357
114358
114359
114360
114361
114362
114363
114364
114365
114366
114367
114368
114369
114370
114371
114376
114378
114379
114380
114381
114382
114383
114384
114386
114387
114388
114390
114391
114428
114429
114430
114431
114432
114434
114435
114436
114437
114438
114439
114440
114441
114442
114443
114444
114445
114446
114447
114448
114452
114455
114457
114459
114460
114462
114463
114464
114465
114466
114467
114468
114469
114470
114471
114472
114473
114474
114475
114476
114481
114483
114484
114485
114486
114487
114488
114489
114490
114491
114492
114493
114494
114495
114496
114497
114501
114504
114506
114508
114509
114511
114512
114513
114514
114515
114516
114517
114518
114519
114520
114521
114522
114523
114524
114525
114530
114532
114533
114534
114535
114536
114537
114538
114539
114540
114541
114542
114543
114544
114545
114546
114547
114548
114549
114550
114551
114552
114553
114554
114555
114556
114557
114558
114559
114560
114561
114562
114563
114564
114565
114566
114567
114568
114569
114570
114571
114572
114573
114574
114575
114576
114577
114578
114579
114580
114582
114583
114584
114586
114587
114610
114611
114612
114614
114615
114630
114631
114632
114633
114634
114635
114636
114637
114643
114644
114646
114648
114649
114651
114652
114653
114654
114655
114656
114657
114658
114659
114660
114661
114662
114663
114664
114665
114670
114672
114673
114674
114675
114676
114677
114678
114679
114680
114681
114682
114683
114684
114685
114686
114692
114693
114695
114697
114698
114700
114701
114702
114703
114704
114705
114706
114707
114708
114709
114710
114711
114712
114713
114714
114719
114721
114722
114723
114724
114725
114726
114727
114729
114730
114731
114732
114733
114764
114765
114766
114767
114768
114777
114778
114779
114780
114781
114782
114783
114784
114785
114786
114787
114788
114789
114790
114791
114793
114795
114796
114798
114804
114805
114806
114807
114808
114809
114810
114811
114812
114816
114819
114820
114821
114822
114823
114824
114825
114826
114827
114828
114829
114830
114831
114832
114833
114834
114835
114836
114837
114838
114839
114840
114841
114842
114843
114844
114845
114846
114847
114848
114849
114850
114851
114852
114853
114854
114855
114856
114857
114858
114859
114860
114861
114862
114863
114864
114865
114866
114867
114868
114869
114870
114871
114872
114873
114874
114875
114876
114877
114878
114879
114880
114881
114882
114883
114884
114885
114886
114887
114888
114889
114891
114893
114894
114896
114902
114903
114904
114905
114906
114907
114908
114909
114910
114914
114917
114918
114919
114920
114921
114922
114923
114924
114925
114926
114927
114928
114929
114930
114931
114936
114938
114939
114940
114941
114942
114943
114944
114945
114947
114949
114950
114952
114953
114954
114955
114956
114957
114958
114959
114960
114961
114962
114963
114964
114965
114966
114971
114973
114974
114975
114976
114977
114978
114979
114980
114986
114987
114989
114991
114992
114994
114995
114996
114997
114998
114999
115000
115001
115002
115003
115004
115005
115006
115007
115008
115013
115015
115016
115017
115018
115019
115020
115021
115023
115024
115025
115027
115028
115065
115066
115067
115068
115069
115072
115073
115074
115075
115077
115107
115108
115109
115110
115111
115120
115121
115122
115123
115124
115125
115126
115127
115128
115129
115130
115131
115132
115133
115134
115136
115138
115139
115141
115146
115148
115149
115150
115151
115152
115153
115154
115155
115156
115157
115158
115159
115160
115161
115162
115166
115169
115170
115171
115172
115173
115174
115175
115176
115177
115178
115179
115180
115181
115182
115183
115184
115185
115186
115187
115188
115189
115190
115191
115192
115193
115194
115195
115196
115197
115198
115199
115200
115201
115202
115203
115204
115205
115206
115207
115208
115209
115210
115211
115212
115213
115214
115215
115216
115217
115218
115219
115220
115221
115222
115223
115224
115225
115226
115227
115228
115229
115230
115231
115232
115237
115239
115241
115243
115244
115246
115247
115248
115249
115250
115251
115252
115253
115254
115255
115256
115257
115258
115259
115260
115265
115267
115268
115269
115270
115271
115272
115273
115274
115280
115281
115283
115285
115286
115288
115289
115290
115291
115292
115293
115294
115295
115296
115297
115298
115299
115300
115301
115302
115307
115309
115310
115311
115312
115313
115314
115315
115317
115318
115319
115321
115322
115345
115346
115347
115348
115349
115365
115366
115367
115368
115369
115370
115371
115372
115377
115379
115380
115381
115382
115383
115384
115385
115386
115388
115390
115391
115393
115394
115395
115396
115397
115398
115399
115400
115401
115402
115403
115404
115405
115406
115407
115412
115415
115416
115417
115418
115419
115450
115451
115452
115453
115454
115463
115464
115465
115466
115467
115468
115469
115470
115471
115472
115473
115474
115475
115476
115477
115479
115481
115482
115484
115488
115491
115492
115493
115494
115495
115496
115497
115498
115499
115500
115501
115502
115503
115504
115505
115509
115512
115513
115514
115515
115516
115517
115518
115519
115520
115521
115522
115523
115524
115525
115526
115527
115528
115529
115530
115531
115532
115533
115534
115535
115536
115537
115538
115539
115540
115541
115542
115543
115544
115545
115546
115547
115548
115549
115550
115551
115552
115553
115554
115555
115556
115557
115558
115559
115560
115561
115562
115563
115564
115565
115566
115567
115568
115569
115570
115571
115572
115573
115574
115575
115577
115579
115580
115582
115586
115589
115590
115591
115592
115593
115594
115595
115596
115597
115598
115599
115600
115601
115602
115603
115607
115610
115611
115612
115613
115614
115615
115616
115617
115622
115624
115625
115626
115627
115628
115629
115630
115631
115633
115635
115636
115638
115639
115640
115641
115642
115643
115644
115645
115646
115647
115648
115649
115650
115651
115652
115657
115659
115660
115661
115662
115663
115664
115665
115666
115672
115673
115675
115677
115678
115680
115681
115682
115683
115684
115685
115686
115687
115688
115689
115690
115691
115692
115693
115694
115699
115701
115702
115703
115704
115705
115706
115707
115709
115710
115711
115713
115714
115737
115738
115739
115741
115742
115758
115759
115760
115761
115762
115793
115794
115795
115796
115797
115806
115807
115808
115809
115810
115811
115812
115813
115814
115815
115816
115817
115818
115819
115820
115822
115824
115825
115827
115833
115834
115835
115836
115837
115838
115839
115840
115841
115845
115848
115849
115850
115851
115852
115853
115854
115855
115856
115857
115858
115859
115860
115861
115862
115863
115864
115865
115866
115867
115868
115869
115870
115871
115872
115873
115874
115875
115876
115877
115878
115879
115880
115881
115882
115883
115884
115885
115886
115887
115888
115889
115890
115891
115892
115893
115894
115895
115896
115897
115898
115899
115900
115901
115902
115903
115904
115905
115906
115907
115908
115909
115910
115911
115912
115913
115914
115915
115916
115917
115918
115920
115922
115923
115925
115931
115932
115933
115934
115935
115936
115937
115938
115939
115943
115946
115947
115948
115949
115950
115951
115952
115953
115954
115955
115956
115957
115958
115959
115960
115965
115967
115968
115969
115970
115971
115972
115973
115974
115976
115978
115979
115981
115982
115983
115984
115985
115986
115987
115988
115989
115990
115991
115992
115993
115994
115995
116000
116002
116003
116004
116005
116006
116007
116008
116009
116015
116016
116018
116020
116021
116023
116024
116025
116026
116027
116028
116029
116030
116031
116032
116033
116034
116035
116036
116037
116042
116044
116045
116046
116047
116048
116049
116050
116052
116053
116054
116056
116057
116094
116095
116096
116097
116098
116101
116102
116103
116104
116106
116136
116137
116138
116139
116140
116149
116150
116151
116152
116153
116154
116155
116156
116157
116158
116159
116160
116161
116162
116163
116165
116167
116168
116170
116175
116177
116178
116179
116180
116181
116182
116183
116184
116185
116186
116187
116188
116189
116190
116191
116195
116198
116199
116200
116201
116202
116203
116204
116205
116206
116207
116208
116209
116210
116211
116212
116213
116214
116215
116216
116217
116218
116219
116220
116221
116222
116223
116224
116225
116226
116227
116228
116229
116230
116231
116232
116233
116234
116235
116236
116237
116238
116239
116240
116241
116242
116243
116244
116245
116246
116247
116248
116249
116250
116251
116252
116253
116254
116255
116256
116257
116258
116259
116260
116261
116266
116268
116270
116272
116273
116275
116276
116277
116278
116279
116280
116281
116282
116283
116284
116285
116286
116287
116288
116289
116294
116296
116297
116298
116299
116300
116301
116302
116303
116309
116310
116312
116314
116315
116317
116318
116319
116320
116321
116322
116323
116324
116325
116326
116327
116328
116329
116330
116331
116336
116338
116339
116340
116341
116342
116343
116344
116346
116347
116348
116350
116351
116374
116375
116376
116377
116378
116394
116395
116396
116397
116398
116399
116400
116401
116406
116408
116409
116410
116411
116412
116413
116414
116415
116417
116419
116420
116422
116423
116424
116425
116426
116427
116428
116429
116430
116431
116432
116433
116434
116435
116436
116441
116444
116445
116446
116447
116448
116479
116480
116481
116482
116483
116492
116493
116494
116495
116496
116497
116498
116499
116500
116501
116502
116503
116504
116505
116506
116508
116510
116511
116513
116517
116520
116521
116522
116523
116524
116525
116526
116527
116528
116529
116530
116531
116532
116533
116534
116538
116541
116542
116543
116544
116545
116546
116547
116548
116549
116550
116551
116552
116553
116554
116555
116556
116557
116558
116559
116560
116561
116562
116563
116564
116565
116566
116567
116568
116569
116570
116571
116572
116573
116574
116575
116576
116577
116578
116579
116580
116581
116582
116583
116584
116585
116586
116587
116588
116589
116590
116591
116592
116593
116594
116595
116596
116597
116598
116599
116600
116601
116602
116603
116604
116606
116608
116609
116611
116615
116618
116619
116620
116621
116622
116623
116624
116625
116626
116627
116628
116629
116630
116631
116632
116636
116639
116640
116641
116642
116643
116644
116645
116646
116651
116653
116654
116655
116656
116657
116658
116659
116660
116662
116664
116665
116667
116668
116669
116670
116671
116672
116673
116674
116675
116676
116677
116678
116679
116680
116681
116686
116688
116689
116690
116691
116692
116693
116694
116695
116701
116702
116704
116706
116707
116709
116710
116711
116712
116713
116714
116715
116716
116717
116718
116719
116720
116721
116722
116723
116728
116730
116731
116732
116733
116734
116735
116736
116738
116739
116740
116742
116743
116766
116767
116768
116770
116771
116787
116788
116789
116791
116792
116815
116816
116817
116818
116819
116835
116836
116837
116838
116839
116840
116841
116842
116843
116844
116845
116846
116847
116848
116849
116850
116851
116852
116853
116854
116855
116856
116857
116858
116859
116860
116861
116862
116863
116864
116865
116866
116867
116868
116869
116870
116871
116872
116873
116874
116875
116876
116877
116878
116879
116880
116881
116882
116883
116884
116885
116886
116887
116888
116889
116890
116891
116892
116893
116894
116895
116896
116897
116898
116902
116905
116907
116909
116910
116912
116913
116914
116915
116916
116917
116918
116919
116920
116921
116922
116923
116924
116925
116926
116931
116933
116934
116935
116936
116937
116938
116939
116940
116941
116942
116943
116944
116945
116946
116947
116951
116954
116956
116958
116959
116961
116962
116963
116964
116965
116966
116967
116968
116969
116970
116971
116972
116973
116974
116975
116980
116983
116984
116985
116987
116988
117011
117012
117013
117015
117016
117031
117032
117033
117034
117035
117036
117037
117038
117043
117045
117046
117047
117048
117049
117050
117051
117052
117054
117056
117057
117059
117060
117061
117062
117063
117064
117065
117066
117067
117068
117069
117070
117071
117072
117073
117078
117080
117081
117082
117083
117084
117085
117086
117087
117092
117094
117095
117096
117097
117098
117099
117100
117101
117103
117105
117106
117108
117109
117110
117111
117112
117113
117114
117115
117116
117117
117118
117119
117120
117121
117122
117127
117130
117131
117132
117133
117134
117158
117159
117160
117161
117162
117178
117179
117180
117181
117182
117183
117184
117185
117186
117187
117188
117189
117190
117191
117192
117193
117194
117195
117196
117197
117198
117199
117200
117201
117202
117203
117204
117205
117206
117207
117208
117209
117210
117211
117212
117213
117214
117215
117216
117217
117218
117219
117220
117221
117222
117223
117224
117225
117226
117227
117228
117229
117230
117231
117232
117233
117234
117235
117236
117237
117238
117239
117240
117241
117243
117245
117246
117248
117253
117255
117256
117257
117258
117259
117260
117261
117262
117263
117264
117265
117266
117267
117268
117269
117273
117276
117277
117278
117279
117280
117281
117282
117283
117284
117285
117286
117287
117288
117289
117290
117292
117294
117295
117297
117302
117304
117305
117306
117307
117308
117309
117310
117311
117312
117313
117314
117315
117316
117317
117318
117322
117325
117326
117327
117328
117329
117330
117331
117332
117337
117339
117340
117341
117342
117343
117344
117345
117346
117348
117350
117351
117353
117354
117355
117356
117357
117358
117359
117360
117361
117362
117363
117364
117365
117366
117367
117372
117374
117375
117376
117377
117378
117379
117380
117381
117386
117388
117389
117390
117391
117392
117393
117394
117395
117397
117399
117400
117402
117403
117404
117405
117406
117407
117408
117409
117410
117411
117412
117413
117414
117415
117416
117421
117424
117425
117426
117428
117429
117452
117453
117454
117455
117456
117473
117474
117475
117477
117478
117501
117502
117503
117504
117505
117521
117522
117523
117524
117525
117526
117527
117528
117529
117530
117531
117532
117533
117534
117535
117536
117537
117538
117539
117540
117541
117542
117543
117544
117545
117546
117547
117548
117549
117550
117551
117552
117553
117554
117555
117556
117557
117558
117559
117560
117561
117562
117563
117564
117565
117566
117567
117568
117569
117570
117571
117572
117573
117574
117575
117576
117577
117578
117579
117580
117581
117582
117583
117584
117589
117591
117593
117595
117596
117598
117599
117600
117601
117602
117603
117604
117605
117606
117607
117608
117609
117610
117611
117612
117617
117619
117620
117621
117622
117623
117624
117625
117626
117627
117628
117629
117630
117631
117632
117633
117638
117640
117642
117644
117645
117647
117648
117649
117650
117651
117652
117653
117654
117655
117656
117657
117658
117659
117660
117661
117666
117669
117670
117671
117673
117674
117697
117698
117699
117700
117701
117717
117718
117719
117720
117721
117722
117723
117724
117729
117731
117732
117733
117734
117735
117736
117737
117738
117740
117742
117743
117745
117746
117747
117748
117749
117750
117751
117752
117753
117754
117755
117756
117757
117758
117759
117764
117766
117767
117768
117769
117770
117771
117772
117773
117778
117780
117781
117782
117783
117784
117785
117786
117787
117789
117791
117792
117794
117795
117796
117797
117798
117799
117800
117801
117802
117803
117804
117805
117806
117807
117808
117813
117816
117817
117818
117820
117821
117844
117845
117846
117847
117848
117864
117865
117866
117867
117868
117869
117870
117871
117872
117873
117874
117875
117876
117877
117878
117879
117880
117881
117882
117883
117884
117885
117886
117887
117888
117889
117890
117891
117892
117893
117894
117895
117896
117897
117898
117899
117900
117901
117902
117903
117904
117905
117906
117907
117908
117909
117910
117911
117912
117913
117914
117915
117916
117917
117918
117919
117920
117921
117922
117923
117924
117925
117926
117927
117931
117934
117936
117938
117939
117941
117942
117943
117944
117945
117946
117947
117948
117949
117950
117951
117952
117953
117954
117955
117960
117962
117963
117964
117965
117966
117967
117968
117969
117970
117971
117972
117973
117974
117975
117976
117980
117983
117985
117987
117988
117990
117991
117992
117993
117994
117995
117996
117997
117998
117999
118000
118001
118002
118003
118004
118009
118012
118013
118014
118016
118017
118040
118041
118042
118044
118045
118060
118061
118062
118063
118064
118065
118066
118067
118072
118074
118075
118076
118077
118078
118079
118080
118081
118083
118085
118086
118088
118089
118090
118091
118092
118093
118094
118095
118096
118097
118098
118099
118100
118101
118102
118107
118109
118110
118111
118112
118113
118114
118115
118116
118121
118123
118124
118125
118126
118127
118128
118129
118130
118132
118134
118135
118137
118138
118139
118140
118141
118142
118143
118144
118145
118146
118147
118148
118149
118150
118151
118156
118159
118160
118161
118162
118163
118187
118188
118189
118190
118191
118207
118208
118209
118210
118211
118212
118213
118214
118215
118216
118217
118218
118219
118220
118221
118222
118223
118224
118225
118226
118227
118228
118229
118230
118231
118232
118233
118234
118235
118236
118237
118238
118239
118240
118241
118242
118243
118244
118245
118246
118247
118248
118249
118250
118251
118252
118253
118254
118255
118256
118257
118258
118259
118260
118261
118262
118263
118264
118265
118266
118267
118268
118269
118270
118272
118274
118275
118277
118282
118284
118285
118286
118287
118288
118289
118290
118291
118292
118293
118294
118295
118296
118297
118298
118302
118305
118306
118307
118308
118309
118310
118311
118312
118313
118314
118315
118316
118317
118318
118319
118321
118323
118324
118326
118331
118333
118334
118335
118336
118337
118338
118339
118340
118341
118342
118343
118344
118345
118346
118347
118351
118354
118355
118356
118357
118358
118359
118360
118361
118366
118368
118369
118370
118371
118372
118373
118374
118375
118377
118379
118380
118382
118383
118384
118385
118386
118387
118388
118389
118390
118391
118392
118393
118394
118395
118396
118401
118403
118404
118405
118406
118407
118408
118409
118410
118415
118417
118418
118419
118420
118421
118422
118423
118424
118426
118428
118429
118431
118432
118433
118434
118435
118436
118437
118438
118439
118440
118441
118442
118443
118444
118445
118450
118453
118454
118455
118457
118458
118481
118482
118483
118484
118485
118502
118503
118504
118505
118507
118530
118531
118532
118533
118534
118550
118551
118552
118553
118554
118555
118556
118557
118558
118559
118560
118561
118562
118563
118564
118565
118566
118567
118568
118569
118570
118571
118572
118573
118574
118575
118576
118577
118578
118579
118580
118581
118582
118583
118584
118585
118586
118587
118588
118589
118590
118591
118592
118593
118594
118595
118596
118597
118598
118599
118600
118601
118602
118603
118604
118605
118606
118607
118608
118609
118610
118611
118612
118613
118615
118617
118618
118620
118624
118627
118628
118629
118630
118631
118632
118633
118634
118635
118636
118637
118638
118639
118640
118641
118645
118648
118649
118650
118651
118652
118653
118654
118655
118656
118657
118658
118659
118660
118661
118662
118666
118669
118671
118673
118674
118676
118677
118678
118679
118680
118681
118682
118683
118684
118685
118686
118687
118688
118689
118690
118695
118697
118698
118699
118700
118701
118702
118703
118704
118709
118711
118712
118713
118714
118715
118716
118717
118718
118720
118722
118723
118725
118726
118727
118728
118729
118730
118731
118732
118733
118734
118735
118736
118737
118738
118739
118744
118747
118748
118749
118751
118752
118775
118776
118777
118779
118780
118795
118796
118797
118798
118799
118800
118801
118802
118807
118809
118810
118811
118812
118813
118814
118815
118816
118818
118820
118821
118823
118824
118825
118826
118827
118828
118829
118830
118831
118832
118833
118834
118835
118836
118837
118842
118845
118846
118847
118848
118849
118873
118874
118875
118876
118877
118893
118894
118895
118896
118897
118898
118899
118900
118901
118902
118903
118904
118905
118906
118907
118908
118909
118910
118911
118912
118913
118914
118915
118916
118917
118918
118919
118920
118921
118922
118923
118924
118925
118926
118927
118928
118929
118930
118931
118932
118933
118934
118935
118936
118937
118938
118939
118940
118941
118942
118943
118944
118945
118946
118947
118948
118949
118950
118951
118952
118953
118954
118955
118956
118958
118960
118961
118963
118968
118970
118971
118972
118973
118974
118975
118976
118977
118978
118979
118980
118981
118982
118983
118984
118988
118991
118992
118993
118994
118995
118996
118997
118998
118999
119000
119001
119002
119003
119004
119005
119007
119009
119010
119012
119017
119019
119020
119021
119022
119023
119024
119025
119026
119027
119028
119029
119030
119031
119032
119033
119037
119040
119041
119042
119043
119044
119045
119046
119047
119052
119054
119055
119056
119057
119058
119059
119060
119061
119063
119065
119066
119068
119069
119070
119071
119072
119073
119074
119075
119076
119077
119078
119079
119080
119081
119082
119087
119089
119090
119091
119092
119093
119094
119095
119096
119101
119103
119104
119105
119106
119107
119108
119109
119110
119112
119114
119115
119117
119118
119119
119120
119121
119122
119123
119124
119125
119126
119127
119128
119129
119130
119131
119136
119139
119140
119141
119143
119144
119167
119168
119169
119170
119171
119188
119189
119190
119191
119193
119216
119217
119218
119219
119220
119236
119237
119238
119239
119240
119241
119242
119243
119244
119245
119246
119247
119248
119249
119250
119251
119252
119253
119254
119255
119256
119257
119258
119259
119260
119261
119262
119263
119264
119265
119266
119267
119268
119269
119270
119271
119272
119273
119274
119275
119276
119277
119278
119279
119280
119281
119282
119283
119284
119285
119286
119287
119288
119289
119290
119291
119292
119293
119294
119295
119296
119297
119298
119299
119301
119303
119304
119306
119310
119313
119314
119315
119316
119317
119318
119319
119320
119321
119322
119323
119324
119325
119326
119327
119331
119334
119335
119336
119337
119338
119339
119340
119341
119342
119343
119344
119345
119346
119347
119348
119352
119355
119357
119359
119360
119362
119363
119364
119365
119366
119367
119368
119369
119370
119371
119372
119373
119374
119375
119376
119381
119383
119384
119385
119386
119387
119388
119389
119390
119395
119397
119398
119399
119400
119401
119402
119403
119404
119406
119408
119409
119411
119412
119413
119414
119415
119416
119417
119418
119419
119420
119421
119422
119423
119424
119425
119430
119433
119434
119435
119437
119438
119461
119462
119463
119465
119466
119481
119482
119483
119484
119485
119486
119487
119488
119493
119495
119496
119497
119498
119499
119500
119501
119502
119504
119506
119507
119509
119510
119511
119512
119513
119514
119515
119516
119517
119518
119519
119520
119521
119522
119523
119528
119531
119532
119533
119535
119536
119559
119560
119561
119562
119563
119579
119580
119581
119582
119583
119584
119585
119586
119587
119588
119589
119590
119591
119592
119593
119594
119595
119596
119597
119598
119599
119600
119601
119602
119603
119604
119605
119606
119607
119608
119609
119610
119611
119612
119613
119614
119615
119616
119617
119618
119619
119620
119621
119622
119623
119624
119625
119626
119627
119628
119629
119630
119631
119632
119633
119634
119635
119636
119637
119638
119639
119640
119641
119642
119646
119649
119651
119653
119654
119656
119657
119658
119659
119660
119661
119662
119663
119664
119665
119666
119667
119668
119669
119670
119675
119677
119678
119679
119680
119681
119682
119683
119684
119685
119686
119687
119688
119689
119690
119691
119695
119698
119700
119702
119703
119705
119706
119707
119708
119709
119710
119711
119712
119713
119714
119715
119716
119717
119718
119719
119724
119727
119728
119729
119731
119732
119755
119756
119757
119759
119760
119775
119776
119777
119778
119779
119780
119781
119782
119787
119789
119790
119791
119792
119793
119794
119795
119796
119798
119800
119801
119803
119804
119805
119806
119807
119808
119809
119810
119811
119812
119813
119814
119815
119816
119817
119822
119824
119825
119826
119827
119828
119829
119830
119831
119836
119838
119839
119840
119841
119842
119843
119844
119845
119847
119849
119850
119852
119853
119854
119855
119856
119857
119858
119859
119860
119861
119862
119863
119864
119865
119866
119871
120028
120029
120030
120031
120032
120056
120057
120058
120060
120061
120076
120077
120078
120079
120080
120081
120082
120083
120084
120085
120086
120087
120088
120089
120090
120091
120092
120093
120094
120095
120096
120097
120098
120099
120100
120101
120102
120103
120104
120105
120106
120107
120108
120109
120110
120111
120112
120113
120114
120115
120116
120117
120118
120119
120120
120121
120122
120123
120124
120125
120126
120127
120128
120129
120130
120131
120132
120133
120134
120135
120136
120137
120138
120139
120142
120143
120145
120146
120152
120153
120157
120160
120161
120162
120163
120164
120165
120166
120167
120168
120169
120170
120171
120172
120173
120174
120175
120176
120177
120178
120179
120180
120181
120182
120183
120184
120185
120186
120187
120188
120191
120192
120194
120195
120201
120202
120206
120209
120210
120211
120212
120213
120214
120215
120216
120217
120218
120219
120220
120221
120222
120223
120224
120225
120226
120227
120228
120229
120230
120234
120237
120238
120239
120240
120241
120242
120243
120244
120247
120248
120250
120251
120252
120253
120254
120255
120256
120257
120258
120263
120265
120266
120267
120268
120269
120270
120271
120272
120273
120274
120275
120276
120277
120278
120279
120283
120286
120287
120288
120289
120290
120291
120292
120293
120296
120297
120299
120300
120301
120302
120303
120304
120305
120306
120307
120312
120314
120315
120316
120317
120318
120319
120320
120322
120323
120324
120326
120327
120364
120365
120366
120367
120368
121995
121996
121997
121998
121999
122023
122024
122025
122027
122028
122043
122044
122045
122046
122047
122048
122049
122050
122051
122052
122053
122054
122055
122056
122057
122058
122059
122060
122061
122062
122063
122064
122065
122066
122067
122068
122069
122070
122071
122072
122073
122074
122075
122076
122077
122078
122079
122080
122081
122082
122083
122084
122085
122086
122087
122088
122089
122090
122091
122092
122093
122094
122095
122096
122097
122098
122099
122100
122101
122102
122103
122104
122105
122106
122109
122110
122112
122113
122119
122120
122124
122127
122128
122129
122130
122131
122132
122133
122134
122135
122136
122137
122138
122139
122140
122141
122142
122143
122144
122145
122146
122147
122148
122149
122150
122151
122152
122153
122154
122155
122158
122159
122161
122162
122168
122169
122173
122176
122177
122178
122179
122180
122181
122182
122183
122184
122185
122186
122187
122188
122189
122190
122191
122192
122193
122194
122195
122196
122197
122201
122204
122205
122206
122207
122208
122209
122210
122211
122214
122215
122217
122218
122219
122220
122221
122222
122223
122224
122225
122230
122232
122233
122234
122235
122236
122237
122238
122239
122240
122241
122242
122243
122244
122245
122246
122250
122253
122254
122255
122256
122257
122258
122259
122260
122263
122264
122266
122267
122268
122269
122270
122271
122272
122273
122274
122279
122281
122282
122283
122284
122285
122286
122287
122289
122290
122291
122293
122294
122331
122332
122333
122334
122335
124620
124621
124622
124623
124624
124648
124649
124650
124652
124653
124668
124669
124670
124671
124672
124673
124674
124675
124676
124677
124678
124679
124680
124681
124682
124683
124684
124685
124686
124687
124688
124689
124690
124691
124692
124693
124694
124695
124696
124697
124698
124699
124700
124701
124702
124703
124704
124705
124706
124707
124708
124709
124710
124711
124712
124713
124714
124715
124716
124717
124718
124719
124720
124721
124722
124723
124724
124725
124726
124727
124728
124729
124730
124731
124734
124735
124737
124738
124744
124745
124749
124752
124753
124754
124755
124756
124757
124758
124759
124760
124761
124762
124763
124764
124765
124766
124767
124768
124769
124770
124771
124772
124773
124774
124775
124776
124777
124778
124779
124780
124783
124784
124786
124787
124793
124794
124798
124801
124802
124803
124804
124805
124806
124807
124808
124809
124810
124811
124812
124813
124814
124815
124816
124817
124818
124819
124820
124821
124822
124826
124829
124830
124831
124832
124833
124834
124835
124836
124839
124840
124842
124843
124844
124845
124846
124847
124848
124849
124850
124855
124857
124858
124859
124860
124861
124862
124863
124864
124865
124866
124867
124868
124869
124870
124871
124875
124878
124879
124880
124881
124882
124883
124884
124885
124888
124889
124891
124892
124893
124894
124895
124896
124897
124898
124899
124904
124906
124907
124908
124909
124910
124911
124912
124914
124915
124916
124918
124919
124956
124957
124958
124959
124960
126587
126588
126589
126590
126591
126615
126616
126617
126619
126620
126635
126636
126637
126638
126639
126640
126641
126642
126643
126644
126645
126646
126647
126648
126649
126650
126651
126652
126653
126654
126655
126656
126657
126658
126659
126660
126661
126662
126663
126664
126665
126666
126667
126668
126669
126670
126671
126672
126673
126674
126675
126676
126677
126678
126679
126680
126681
126682
126683
126684
126685
126686
126687
126688
126689
126690
126691
126692
126693
126694
126695
126696
126697
126698
126701
126702
126704
126705
126711
126712
126716
126719
126720
126721
126722
126723
126724
126725
126726
126727
126728
126729
126730
126731
126732
126733
126734
126735
126736
126737
126738
126739
126740
126741
126742
126743
126744
126745
126746
126747
126750
126751
126753
126754
126760
126761
126765
126768
126769
126770
126771
126772
126773
126774
126775
126776
126777
126778
126779
126780
126781
126782
126783
126784
126785
126786
126787
126788
126789
126793
126796
126797
126798
126799
126800
126801
126802
126803
126806
126807
126809
126810
126811
126812
126813
126814
126815
126816
126817
126822
126824
126825
126826
126827
126828
126829
126830
126831
126832
126833
126834
126835
126836
126837
126838
126842
126845
126846
126847
126848
126849
126850
126851
126852
126855
126856
126858
126859
126860
126861
126862
126863
126864
126865
126866
126871
126873
126874
126875
126876
126877
126878
126879
126881
126882
126883
126885
126886
126923
126924
126925
126926
126927
128554
128555
128556
128557
128558
128582
128583
128584
128586
128587
128602
128603
128604
128605
128606
128607
128608
128609
128610
128611
128612
128613
128614
128615
128616
128617
128618
128619
128620
128621
128622
128623
128624
128625
128626
128627
128628
128629
128630
128631
128632
128633
128634
128635
128636
128637
128638
128639
128640
128641
128642
128643
128644
128645
128646
128647
128648
128649
128650
128651
128652
128653
128654
128655
128656
128657
128658
128659
128660
128661
128662
128663
128664
128665
128668
128669
128671
128672
128678
128679
128683
128686
128687
128688
128689
128690
128691
128692
128693
128694
128695
128696
128697
128698
128699
128700
128701
128702
128703
128704
128705
128706
128707
128708
128709
128710
128711
128712
128713
128714
128717
128718
128720
128721
128727
128728
128732
128735
128736
128737
128738
128739
128740
128741
128742
128743
128744
128745
128746
128747
128748
128749
128750
128751
128752
128753
128754
128755
128756
128760
128763
128764
128765
128766
128767
128768
128769
128770
128773
128774
128776
128777
128778
128779
128780
128781
128782
128783
128784
128789
128791
128792
128793
128794
128795
128796
128797
128798
128799
128800
128801
128802
128803
128804
128805
128809
128812
128813
128814
128815
128816
128817
128818
128819
128822
128823
128825
128826
128827
128828
128829
128830
128831
128832
128833
128838
128840
128841
128842
128843
128844
128845
128846
128848
128849
128850
128852
128853
128890
128891
128892
128893
128894
130192
130193
130194
130195
130196
130220
130221
130222
130224
130225
130240
130241
130242
130243
130244
130245
130246
130247
130248
130249
130250
130251
130252
130253
130254
130255
130256
130257
130258
130259
130260
130261
130262
130263
130264
130265
130266
130267
130268
130269
130270
130271
130272
130273
130274
130275
130276
130277
130278
130279
130280
130281
130282
130283
130284
130285
130286
130287
130288
130289
130290
130291
130292
130293
130294
130295
130296
130297
130298
130299
130300
130301
130302
130303
130305
130307
130308
130310
130316
130317
130318
130319
130320
130321
130322
130323
130324
130328
130331
130332
130333
130334
130335
130336
130337
130338
130339
130340
130341
130342
130343
130344
130345
130346
130347
130348
130349
130350
130351
130352
130354
130356
130357
130359
130365
130366
130367
130368
130369
130370
130371
130372
130373
130377
130380
130381
130382
130383
130384
130385
130386
130387
130388
130389
130390
130391
130392
130393
130394
130398
130401
130402
130403
130404
130405
130406
130407
130408
130410
130412
130413
130415
130416
130417
130418
130419
130420
130421
130422
130423
130424
130425
130426
130427
130428
130429
130434
130436
130437
130438
130439
130440
130441
130442
130443
130447
130450
130451
130452
130453
130454
130455
130456
130457
130459
130461
130462
130464
130465
130466
130467
130468
130469
130470
130471
130472
130473
130474
130475
130476
130477
130478
130483
130486
130487
130488
130490
130491
130528
130529
130530
130531
130532
132159
132160
132161
132162
132163
132187
132188
132189
132191
132192
132207
132208
132209
132210
132211
132212
132213
132214
132215
132216
132217
132218
132219
132220
132221
132222
132223
132224
132225
132226
132227
132228
132229
132230
132231
132232
132233
132234
132235
132236
132237
132238
132239
132240
132241
132242
132243
132244
132245
132246
132247
132248
132249
132250
132251
132252
132253
132254
132255
132256
132257
132258
132259
132260
132261
132262
132263
132264
132265
132266
132267
132268
132269
132270
132272
132274
132275
132277
132283
132284
132285
132286
132287
132288
132289
132290
132291
132295
132298
132299
132300
132301
132302
132303
132304
132305
132306
132307
132308
132309
132310
132311
132312
132313
132314
132315
132316
132317
132318
132319
132322
132323
132325
132326
132332
132333
132337
132340
132341
132342
132343
132344
132345
132346
132347
132348
132349
132350
132351
132352
132353
132354
132355
132356
132357
132358
132359
132360
132361
132365
132368
132369
132370
132371
132372
132373
132374
132375
132377
132379
132380
132382
132383
132384
132385
132386
132387
132388
132389
132390
132391
132392
132393
132394
132395
132396
132401
132403
132404
132405
132406
132407
132408
132409
132410
132414
132417
132418
132419
132420
132421
132422
132423
132424
132427
132428
132430
132431
132432
132433
132434
132435
132436
132437
132438
132443
132445
132446
132447
132448
132449
132450
132451
132453
132454
132455
132457
132458
132495
132496
132497
132498
132499
134126
134127
134128
134129
134130
134154
134155
134156
134158
134159
134174
134175
134176
134177
134178
134179
134180
134181
134182
134183
134184
134185
134186
134187
134188
134189
134190
134191
134192
134193
134194
134195
134196
134197
134198
134199
134200
134201
134202
134203
134204
134205
134206
134207
134208
134209
134210
134211
134212
134213
134214
134215
134216
134217
134218
134219
134220
134221
134222
134223
134224
134225
134226
134227
134228
134229
134230
134231
134232
134233
134234
134235
134236
134237
134239
134241
134242
134244
134250
134251
134252
134253
134254
134255
134256
134257
134258
134262
134265
134266
134267
134268
134269
134270
134271
134272
134273
134274
134275
134276
134277
134278
134279
134280
134281
134282
134283
134284
134285
134286
134288
134290
134291
134293
134299
134300
134301
134302
134303
134304
134305
134306
134307
134311
134314
134315
134316
134317
134318
134319
134320
134321
134322
134323
134324
134325
134326
134327
134328
134332
134335
134336
134337
134338
134339
134340
134341
134342
134344
134346
134347
134349
134350
134351
134352
134353
134354
134355
134356
134357
134358
134359
134360
134361
134362
134363
134368
134370
134371
134372
134373
134374
134375
134376
134377
134381
134384
134385
134386
134387
134388
134389
134390
134391
134393
134395
134396
134398
134399
134400
134401
134402
134403
134404
134405
134406
134407
134408
134409
134410
134411
134412
134417
134420
134421
134422
134424
134425
134462
134463
134464
134465
134466
136093
136094
136095
136096
136097
136121
136122
136123
136125
136126
136141
136142
136143
136144
136145
136146
136147
136148
136149
136150
136151
136152
136153
136154
136155
136156
136157
136158
136159
136160
136161
136162
136163
136164
136165
136166
136167
136168
136169
136170
136171
136172
136173
136174
136175
136176
136177
136178
136179
136180
136181
136182
136183
136184
136185
136186
136187
136188
136189
136190
136191
136192
136193
136194
136195
136196
136197
136198
136199
136200
136201
136202
136203
136204
136206
136208
136209
136211
136217
136218
136219
136220
136221
136222
136223
136224
136225
136229
136232
136233
136234
136235
136236
136237
136238
136239
136240
136241
136242
136243
136244
136245
136246
136247
136248
136249
136250
136251
136252
136253
136255
136257
136258
136260
136266
136267
136268
136269
136270
136271
136272
136273
136274
136278
136281
136282
136283
136284
136285
136286
136287
136288
136289
136290
136291
136292
136293
136294
136295
136299
136302
136303
136304
136305
136306
136307
136308
136309
136311
136313
136314
136316
136317
136318
136319
136320
136321
136322
136323
136324
136325
136326
136327
136328
136329
136330
136335
136337
136338
136339
136340
136341
136342
136343
136344
136348
136351
136352
136353
136354
136355
136356
136357
136358
136360
136362
136363
136365
136366
136367
136368
136369
136370
136371
136372
136373
136374
136375
136376
136377
136378
136379
136384
136387
136388
136389
136391
136392
136429
136430
136431
136432
136433
138060
138061
138062
138063
138064
138088
138089
138090
138092
138093
138108
138109
138110
138111
138112
138113
138114
138115
138116
138117
138118
138119
138120
138121
138122
138123
138124
138125
138126
138127
138128
138129
138130
138131
138132
138133
138134
138135
138136
138137
138138
138139
138140
138141
138142
138143
138144
138145
138146
138147
138148
138149
138150
138151
138152
138153
138154
138155
138156
138157
138158
138159
138160
138161
138162
138163
138164
138165
138166
138167
138168
138169
138170
138171
138173
138175
138176
138178
138184
138185
138186
138187
138188
138189
138190
138191
138192
138196
138199
138200
138201
138202
138203
138204
138205
138206
138207
138208
138209
138210
138211
138212
138213
138214
138215
138216
138217
138218
138219
138220
138223
138224
138226
138227
138233
138234
138238
138241
138242
138243
138244
138245
138246
138247
138248
138249
138250
138251
138252
138253
138254
138255
138256
138257
138258
138259
138260
138261
138262
138266
138269
138270
138271
138272
138273
138274
138275
138276
138278
138280
138281
138283
138284
138285
138286
138287
138288
138289
138290
138291
138292
138293
138294
138295
138296
138297
138302
138304
138305
138306
138307
138308
138309
138310
138311
138315
138318
138319
138320
138321
138322
138323
138324
138325
138328
138329
138331
138332
138333
138334
138335
138336
138337
138338
138339
138344
138346
138347
138348
138349
138350
138351
138352
138354
138355
138356
138358
138359
138396
138397
138398
138399
138400
140027
140028
140029
140030
140031
140055
140056
140057
140059
140060
140075
140076
140077
140078
140079
140080
140081
140082
140083
140084
140085
140086
140087
140088
140089
140090
140091
140092
140093
140094
140095
140096
140097
140098
140099
140100
140101
140102
140103
140104
140105
140106
140107
140108
140109
140110
140111
140112
140113
140114
140115
140116
140117
140118
140119
140120
140121
140122
140123
140124
140125
140126
140127
140128
140129
140130
140131
140132
140133
140134
140135
140136
140137
140138
140140
140142
140143
140145
140151
140152
140153
140154
140155
140156
140157
140158
140159
140163
140166
140167
140168
140169
140170
140171
140172
140173
140174
140175
140176
140177
140178
140179
140180
140181
140182
140183
140184
140185
140186
140187
140189
140191
140192
140194
140200
140201
140202
140203
140204
140205
140206
140207
140208
140212
140215
140216
140217
140218
140219
140220
140221
140222
140223
140224
140225
140226
140227
140228
140229
140233
140236
140237
140238
140239
140240
140241
140242
140243
140245
140247
140248
140250
140251
140252
140253
140254
140255
140256
140257
140258
140259
140260
140261
140262
140263
140264
140269
140271
140272
140273
140274
140275
140276
140277
140278
140282
140285
140286
140287
140288
140289
140290
140291
140292
140294
140296
140297
140299
140300
140301
140302
140303
140304
140305
140306
140307
140308
140309
140310
140311
140312
140313
140318
140321
140322
140323
140325
140326
140363
140364
140365
140366
140367
141665
141666
141667
141668
141669
141693
141694
141695
141697
141698
141713
141714
141715
141716
141717
141718
141719
141720
141721
141722
141723
141724
141725
141726
141727
141728
141729
141730
141731
141732
141733
141734
141735
141736
141737
141738
141739
141740
141741
141742
141743
141744
141745
141746
141747
141748
141749
141750
141751
141752
141753
141754
141755
141756
141757
141758
141759
141760
141761
141762
141763
141764
141765
141766
141767
141768
141769
141770
141771
141772
141773
141774
141775
141776
141778
141780
141781
141783
141789
141790
141791
141792
141793
141794
141795
141796
141797
141801
141804
141805
141806
141807
141808
141809
141810
141811
141812
141813
141814
141815
141816
141817
141818
141819
141820
141821
141822
141823
141824
141825
141827
141829
141830
141832
141838
141839
141840
141841
141842
141843
141844
141845
141846
141850
141853
141854
141855
141856
141857
141858
141859
141860
141861
141862
141863
141864
141865
141866
141867
141871
141874
141875
141876
141877
141878
141879
141880
141881
141883
141885
141886
141888
141889
141890
141891
141892
141893
141894
141895
141896
141897
141898
141899
141900
141901
141902
141907
141909
141910
141911
141912
141913
141914
141915
141916
141920
141923
141924
141925
141926
141927
141928
141929
141930
141932
141934
141935
141937
141938
141939
141940
141941
141942
141943
141944
141945
141946
141947
141948
141949
141950
141951
141956
141959
141960
141961
141963
141964
142001
142002
142003
142004
142005
143632
143633
143634
143636
143637
143660
143661
143662
143664
143665
143680
143681
143682
143683
143684
143685
143686
143687
143688
143689
143690
143691
143692
143693
143694
143695
143696
143697
143698
143699
143700
143701
143702
143703
143704
143705
143706
143707
143708
143709
143710
143711
143712
143713
143714
143715
143716
143717
143718
143719
143720
143721
143722
143723
143724
143725
143726
143727
143728
143729
143730
143731
143732
143733
143734
143735
143736
143737
143738
143739
143740
143741
143742
143743
143747
143750
143753
143754
143756
143757
143758
143759
143760
143761
143762
143763
143764
143769
143771
143772
143773
143774
143775
143776
143777
143778
143779
143780
143781
143782
143783
143784
143785
143786
143787
143788
143789
143790
143791
143792
143796
143799
143802
143803
143805
143806
143807
143808
143809
143810
143811
143812
143813
143818
143820
143821
143822
143823
143824
143825
143826
143828
143829
143830
143832
143833
143856
143857
143858
143860
143861
143876
143877
143878
143879
143880
143881
143882
143883
143887
143890
143891
143892
143893
143894
143895
143896
143897
143900
143901
143903
143904
143905
143906
143907
143908
143909
143910
143911
143916
143918
143919
143920
143921
143922
143923
143924
143925
143926
143927
143928
143929
143930
143931
143932
143936
143939
143940
143941
143942
143943
143944
143945
143946
143949
143950
143952
143953
143954
143955
143956
143957
143958
143959
143960
143965
143967
143968
143969
143970
143971
143972
143973
145599
145600
145601
145603
145604
145627
145628
145629
145631
145632
145647
145648
145649
145650
145651
145652
145653
145654
145655
145656
145657
145658
145659
145660
145661
145662
145663
145664
145665
145666
145667
145668
145669
145670
145671
145672
145673
145674
145675
145676
145677
145678
145679
145680
145681
145682
145683
145684
145685
145686
145687
145688
145689
145690
145691
145692
145693
145694
145695
145696
145697
145698
145699
145700
145701
145702
145703
145704
145705
145706
145707
145708
145709
145710
145714
145717
145720
145721
145723
145724
145725
145726
145727
145728
145729
145730
145731
145736
145738
145739
145740
145741
145742
145743
145744
145745
145746
145747
145748
145749
145750
145751
145752
145753
145754
145755
145756
145757
145758
145759
145763
145766
145769
145770
145772
145773
145774
145775
145776
145777
145778
145779
145780
145785
145787
145788
145789
145790
145791
145792
145793
145795
145796
145797
145799
145800
145823
145824
145825
145827
145828
145843
145844
145845
145846
145847
145848
145849
145850
145854
145857
145858
145859
145860
145861
145862
145863
145864
145867
145868
145870
145871
145872
145873
145874
145875
145876
145877
145878
145883
145885
145886
145887
145888
145889
145890
145891
145892
145893
145894
145895
145896
145897
145898
145899
145903
145906
145907
145908
145909
145910
145911
145912
145913
145916
145917
145919
145920
145921
145922
145923
145924
145925
145926
145927
145932
145934
145935
145936
145937
145938
145939
145940
147566
147567
147568
147570
147571
147594
147595
147596
147598
147599
147614
147615
147616
147617
147618
147619
147620
147621
147622
147623
147624
147625
147626
147627
147628
147629
147630
147631
147632
147633
147634
147635
147636
147637
147638
147639
147640
147641
147642
147643
147644
147645
147646
147647
147648
147649
147650
147651
147652
147653
147654
147655
147656
147657
147658
147659
147660
147661
147662
147663
147664
147665
147666
147667
147668
147669
147670
147671
147672
147673
147674
147675
147676
147677
147681
147684
147687
147688
147690
147691
147692
147693
147694
147695
147696
147697
147698
147703
147705
147706
147707
147708
147709
147710
147711
147712
147713
147714
147715
147716
147717
147718
147719
147720
147721
147722
147723
147724
147725
147726
147730
147733
147736
147737
147739
147740
147741
147742
147743
147744
147745
147746
147747
147752
147754
147755
147756
147757
147758
147759
147760
147762
147763
147764
147766
147767
147790
147791
147792
147794
147795
147810
147811
147812
147813
147814
147815
147816
147817
147821
147824
147825
147826
147827
147828
147829
147830
147831
147834
147835
147837
147838
147839
147840
147841
147842
147843
147844
147845
147850
147852
147853
147854
147855
147856
147857
147858
147859
147860
147861
147862
147863
147864
147865
147866
147870
147873
147874
147875
147876
147877
147878
147879
147880
147883
147884
147886
147887
147888
147889
147890
147891
147892
147893
147894
147899
147901
147902
147903
147904
147905
147906
147907
149533
149534
149535
149537
149538
149561
149562
149563
149565
149566
149581
149582
149583
149584
149585
149586
149587
149588
149589
149590
149591
149592
149593
149594
149595
149596
149597
149598
149599
149600
149601
149602
149603
149604
149605
149606
149607
149608
149609
149610
149611
149612
149613
149614
149615
149616
149617
149618
149619
149620
149621
149622
149623
149624
149625
149626
149627
149628
149629
149630
149631
149632
149633
149634
149635
149636
149637
149638
149639
149640
149641
149642
149643
149644
149648
149651
149653
149655
149656
149658
149659
149660
149661
149662
149663
149664
149665
149666
149667
149668
149669
149670
149671
149672
149677
149679
149680
149681
149682
149683
149684
149685
149686
149687
149688
149689
149690
149691
149692
149693
149697
149700
149702
149704
149705
149707
149708
149709
149710
149711
149712
149713
149714
149715
149716
149717
149718
149719
149720
149721
149726
149729
149730
149731
149733
149734
149757
149758
149759
149761
149762
149777
149778
149779
149780
149781
149782
149783
149784
149788
149791
149792
149793
149794
149795
149796
149797
149798
149800
149802
149803
149805
149806
149807
149808
149809
149810
149811
149812
149813
149814
149815
149816
149817
149818
149819
149824
149826
149827
149828
149829
149830
149831
149832
149833
149837
149840
149841
149842
149843
149844
149845
149846
149847
149849
149851
149852
149854
149855
149856
149857
149858
149859
149860
149861
149862
149863
149864
149865
149866
149867
149868
149873
151500
151501
151502
151504
151505
151528
151529
151530
151532
151533
151548
151549
151550
151551
151552
151553
151554
151555
151556
151557
151558
151559
151560
151561
151562
151563
151564
151565
151566
151567
151568
151569
151570
151571
151572
151573
151574
151575
151576
151577
151578
151579
151580
151581
151582
151583
151584
151585
151586
151587
151588
151589
151590
151591
151592
151593
151594
151595
151596
151597
151598
151599
151600
151601
151602
151603
151604
151605
151606
151607
151608
151609
151610
151611
151615
151618
151620
151622
151623
151625
151626
151627
151628
151629
151630
151631
151632
151633
151634
151635
151636
151637
151638
151639
151644
151646
151647
151648
151649
151650
151651
151652
151653
151654
151655
151656
151657
151658
151659
151660
151664
151667
151670
151671
151673
151674
151675
151676
151677
151678
151679
151680
151681
151686
151688
151689
151690
151691
151692
151693
151694
151696
151697
151698
151700
151701
151724
151725
151726
151728
151729
151744
151745
151746
151747
151748
151749
151750
151751
151755
151758
151759
151760
151761
151762
151763
151764
151765
151767
151769
151770
151772
151773
151774
151775
151776
151777
151778
151779
151780
151781
151782
151783
151784
151785
151786
151791
151793
151794
151795
151796
151797
151798
151799
151800
151804
151807
151808
151809
151810
151811
151812
151813
151814
151817
151818
151820
151821
151822
151823
151824
151825
151826
151827
151828
151833
151835
151836
151837
151838
151839
151840
151841
153467
153468
153469
153471
153472
153495
153496
153497
153499
153500
153515
153516
153517
153518
153519
153520
153521
153522
153523
153524
153525
153526
153527
153528
153529
153530
153531
153532
153533
153534
153535
153536
153537
153538
153539
153540
153541
153542
153543
153544
153545
153546
153547
153548
153549
153550
153551
153552
153553
153554
153555
153556
153557
153558
153559
153560
153561
153562
153563
153564
153565
153566
153567
153568
153569
153570
153571
153572
153573
153574
153575
153576
153577
153578
153582
153585
153587
153589
153590
153592
153593
153594
153595
153596
153597
153598
153599
153600
153601
153602
153603
153604
153605
153606
153611
153613
153614
153615
153616
153617
153618
153619
153620
153621
153622
153623
153624
153625
153626
153627
153631
153634
153636
153638
153639
153641
153642
153643
153644
153645
153646
153647
153648
153649
153650
153651
153652
153653
153654
153655
153660
153663
153664
153665
153667
153668
153691
153692
153693
153695
153696
153711
153712
153713
153714
153715
153716
153717
153718
153722
153725
153726
153727
153728
153729
153730
153731
153732
153734
153736
153737
153739
153740
153741
153742
153743
153744
153745
153746
153747
153748
153749
153750
153751
153752
153753
153758
153760
153761
153762
153763
153764
153765
153766
153767
153771
153774
153775
153776
153777
153778
153779
153780
153781
153783
153785
153786
153788
153789
153790
153791
153792
153793
153794
153795
153796
153797
153798
153799
153800
153801
153802
153807
155434
155435
155436
155438
155439
155462
155463
155464
155466
155467
155482
155483
155484
155485
155486
155487
155488
155489
155490
155491
155492
155493
155494
155495
155496
155497
155498
155499
155500
155501
155502
155503
155504
155505
155506
155507
155508
155509
155510
155511
155512
155513
155514
155515
155516
155517
155518
155519
155520
155521
155522
155523
155524
155525
155526
155527
155528
155529
155530
155531
155532
155533
155534
155535
155536
155537
155538
155539
155540
155541
155542
155543
155544
155545
155549
155552
155554
155556
155557
155559
155560
155561
155562
155563
155564
155565
155566
155567
155568
155569
155570
155571
155572
155573
155578
155580
155581
155582
155583
155584
155585
155586
155587
155588
155589
155590
155591
155592
155593
155594
155598
155601
155604
155605
155607
155608
155609
155610
155611
155612
155613
155614
155615
155620
155622
155623
155624
155625
155626
155627
155628
155630
155631
155632
155634
155635
155658
155659
155660
155662
155663
155678
155679
155680
155681
155682
155683
155684
155685
155689
155692
155693
155694
155695
155696
155697
155698
155699
155701
155703
155704
155706
155707
155708
155709
155710
155711
155712
155713
155714
155715
155716
155717
155718
155719
155720
155725
155727
155728
155729
155730
155731
155732
155733
155734
155738
155741
155742
155743
155744
155745
155746
155747
155748
155751
155752
155754
155755
155756
155757
155758
155759
155760
155761
155762
155767
155769
155770
155771
155772
155773
155774
155775
157401
157402
157403
157405
157406
157429
157430
157431
157433
157434
157449
157450
157451
157452
157453
157454
157455
157456
157457
157458
157459
157460
157461
157462
157463
157464
157465
157466
157467
157468
157469
157470
157471
157472
157473
157474
157475
157476
157477
157478
157479
157480
157481
157482
157483
157484
157485
157486
157487
157488
157489
157490
157491
157492
157493
157494
157495
157496
157497
157498
157499
157500
157501
157502
157503
157504
157505
157506
157507
157508
157509
157510
157511
157512
157516
157519
157521
157523
157524
157526
157527
157528
157529
157530
157531
157532
157533
157534
157535
157536
157537
157538
157539
157540
157545
157547
157548
157549
157550
157551
157552
157553
157554
157555
157556
157557
157558
157559
157560
157561
157565
157568
157570
157572
157573
157575
157576
157577
157578
157579
157580
157581
157582
157583
157584
157585
157586
157587
157588
157589
157594
157597
157598
157599
157601
157602
157625
157626
157627
157629
157630
157645
157646
157647
157648
157649
157650
157651
157652
157656
157659
157660
157661
157662
157663
157664
157665
157666
157668
157670
157671
157673
157674
157675
157676
157677
157678
157679
157680
157681
157682
157683
157684
157685
157686
157687
157692
157694
157695
157696
157697
157698
157699
157700
157701
157705
157708
157709
157710
157711
157712
157713
157714
157715
157717
157719
157720
157722
157723
157724
157725
157726
157727
157728
157729
157730
157731
157732
157733
157734
157735
157736
157741
)
;
}
)

// ************************************************************************* //
