/*--------------------------------*- C++ -*----------------------------------*\
  =========                 |
  \\      /  F ield         | OpenFOAM: The Open Source CFD Toolbox
   \\    /   O peration     | Website:  https://openfoam.org
    \\  /    A nd           | Version:  6
     \\/     M anipulation  |
\*---------------------------------------------------------------------------*/
FoamFile
{
    version     2.0;
    format      ascii;
    class       regIOobject;
    location    "constant/polyMesh";
    object      faceZones;
}
// * * * * * * * * * * * * * * * * * * * * * * * * * * * * * * * * * * * * * //

1
(
face_inner
{
    type faceZone;
faceLabels      List<label> 
4808
(
30823
32353
33368
34779
40449
40450
40451
46268
46269
46270
52572
52573
52574
59760
59761
59762
71529
71534
71541
71547
71569
71575
71582
71588
71676
71681
71695
71701
71716
71722
71742
71748
71757
71762
71781
71787
71933
71941
71947
71953
71967
71978
71985
71996
72005
72013
72019
72025
72158
72166
72172
72178
72192
72203
72210
72221
72230
72238
72244
72250
72387
72391
72402
72407
73452
73458
73465
73471
74989
74995
75008
75014
75228
75233
75245
75251
77875
77880
77886
77891
78106
78111
78117
78128
80604
80609
80615
80620
80835
80840
80846
80857
83193
83197
83208
83213
85382
85388
85394
85399
85691
85697
85703
85708
86511
86517
86523
86528
86826
86832
86838
86843
87138
87144
87150
87155
88192
88197
88202
88206
88487
88493
88498
88503
88792
88797
88802
88806
89827
89832
89837
89841
90122
90128
90133
90138
90427
90432
90437
90441
91418
91423
91428
91432
95564
95569
95580
95585
97285
97287
97293
97295
103667
103672
103683
103688
105331
105336
105347
105352
108550
108552
108558
108560
118280
118284
118294
118298
119918
119923
119933
119938
122682
122684
122689
122691
132488
132492
132502
132506
134126
134131
134141
134146
136890
136892
136897
136899
146097
146101
146111
146115
158895
158901
158918
159984
159990
160007
161115
161120
161135
162246
162251
162266
164255
164256
164257
164262
164263
164264
164267
164268
164269
168065
168066
168067
168072
168073
168074
168077
168078
168079
172100
172101
172102
172106
172107
172108
172111
172112
172113
176159
176160
176161
176165
176166
176167
176170
176171
176172
179876
179911
179949
179979
180114
180152
180192
180222
180483
180518
180589
180619
180727
180765
180862
180892
180971
181006
181099
181129
181516
181580
181615
181638
181736
181814
181842
181905
181972
182036
182071
182094
182479
182543
182578
182601
182699
182777
182805
182868
182935
182999
183034
183057
183479
183511
183568
183595
183837
183875
183915
183945
186492
186530
186594
186624
187348
187383
187443
187473
190228
190263
190300
190327
191025
191064
191095
191151
193915
193950
193987
194014
194712
194751
194782
194838
197471
197503
197560
197587
199170
199208
199246
199273
200792
200801
200820
200830
200839
200858
200877
200904
200942
203919
203957
203995
204022
205568
205606
205644
205671
207199
207208
207227
207237
207246
207265
207284
207311
207349
210539
210574
210609
210633
212128
212166
212201
212228
213740
213747
213766
213775
213782
213801
213817
213841
213879
217196
217231
217266
217290
218785
218823
218858
218885
220397
220404
220423
220432
220439
220458
220474
220498
220536
223627
223662
223697
223721
226535
226570
226628
226655
232297
232298
232299
232306
232313
232314
232315
232329
232330
232331
232338
232345
232346
232347
232372
232373
244541
244576
244634
244661
250466
250501
250559
250586
256162
256163
256164
256171
256178
256179
256180
256194
256195
256196
256203
256210
256211
256212
256237
256238
270558
270590
270645
270669
276297
276332
276387
276414
281938
281939
281940
281947
281953
281954
281955
281967
281968
281969
281976
281982
281983
281984
282008
282009
296862
296894
296949
296973
302601
302636
302691
302718
308242
308243
308244
308251
308257
308258
308259
308271
308272
308273
308280
308286
308287
308288
308312
308313
322279
322311
322366
322390
334920
334929
334935
334947
334956
334962
334975
334979
334989
335005
335009
335019
335122
335131
335136
335152
335161
335166
335182
335186
335196
335212
335216
335226
335301
335310
335316
335328
335337
335343
335385
335391
335395
335415
335421
335425
335503
335512
335517
335533
335542
335547
335622
335628
335632
335652
335658
335662
335713
335721
335725
335740
335748
335752
335823
335829
335833
335853
335859
335863
335913
335921
335926
335961
335969
335974
335986
335990
335999
336012
336018
336022
336097
336105
336109
336151
336160
336165
336180
336186
336190
336238
336242
336252
336298
336305
336309
336346
336353
336357
336370
336374
336383
336396
336402
336406
336480
336488
336493
336528
336536
336541
336553
336557
336566
336579
336585
336589
336664
336672
336676
336718
336727
336732
336747
336753
336757
336805
336809
336819
336865
336872
336876
336913
336920
336924
336937
336941
336950
336963
336969
336973
337072
337079
337083
337096
337103
337107
337147
337151
337160
337174
337178
337187
337261
337270
337275
337291
337300
337305
337321
337325
337335
337351
337355
337365
337471
337480
337485
337501
337510
337515
337561
337565
337575
337591
337595
337605
337681
337689
337693
337708
337716
337720
337762
337766
337776
337792
337796
337806
337876
337884
337888
337903
337911
337915
337930
337934
337943
337957
337961
337970
338071
338078
338082
338095
338103
338107
338122
338126
338135
338176
338180
338190
338260
338268
338272
338287
338295
338299
338314
338318
338327
338341
338345
338354
338455
338462
338466
338479
338487
338491
338506
338510
338519
338560
338564
338574
338644
338651
338655
338668
338675
338679
338719
338723
338732
338746
338750
338759
338885
338897
338902
338915
338927
338932
338946
338951
338960
338973
338978
338987
339680
339691
339696
339707
339718
339723
339735
339740
339749
339762
339767
339776
340730
340742
340747
340760
340772
340777
340791
340796
340805
340818
340823
340832
341540
341552
341557
341570
341582
341587
341601
341606
341615
341628
341633
341642
342338
342349
342354
342365
342376
342381
342393
342398
342407
342420
342425
342434
342972
342981
342986
342999
343008
343013
343027
343031
343038
343051
343055
343062
343725
343734
343739
343751
343763
343768
343783
343787
343794
343806
343811
343820
344499
344507
344512
344523
344531
344536
344548
344552
344559
344572
344576
344583
345222
345231
345236
345249
345258
345263
345277
345281
345288
345301
345305
345312
345975
345984
345989
346001
346013
346018
346033
346037
346044
346056
346061
346070
346749
346757
346762
346773
346781
346786
346798
346802
346809
346822
346826
346833
347352
347361
347366
347379
347388
347393
347407
347411
347418
347431
347435
347442
348099
348108
348113
348126
348135
348140
348180
348185
348194
348207
348212
348221
348888
348897
348902
348915
348924
348929
348969
348974
348983
348996
349001
349010
349677
349686
349691
349704
349713
349718
349758
349763
349772
349785
349790
349799
350446
350453
350457
350470
350477
350481
350521
350525
350532
350545
350549
350556
351184
351191
351195
351207
351216
351221
351262
351266
351273
351285
351290
351299
351928
351935
351939
351952
351959
351963
352003
352007
352014
352027
352031
352038
352666
352673
352677
352689
352698
352703
352744
352748
352755
352767
352772
352781
353410
353417
353421
353434
353441
353445
353485
353489
353496
353509
353513
353520
371375
371376
371387
371388
371392
371393
371397
371400
371416
371424
371442
371450
371483
371484
371491
371495
371699
371711
371736
371739
371748
371760
371761
371766
371774
371775
371778
371799
371800
371801
371805
371840
371852
371877
371880
371889
371901
371902
371907
371915
371916
371919
371940
371941
371942
371946
371983
371985
371990
371992
371995
372000
372001
372007
372038
372041
372049
372083
372085
372087
372091
372109
372111
372116
372118
372121
372126
372127
372133
372164
372167
372175
372209
372211
372213
372217
372222
372223
372227
372229
372230
372232
372238
372240
372279
372281
372299
372301
372329
372330
372335
372337
372338
372339
372350
372351
372355
372356
372360
372363
372379
372387
372405
372413
372446
372447
372454
372458
372666
372675
372702
372705
372714
372726
372728
372731
372736
372737
372745
372783
372784
372785
372789
372816
372825
372852
372855
372864
372876
372878
372881
372886
372887
372895
372933
372934
372935
372939
372964
372966
372971
372973
372976
372981
372982
372988
373019
373022
373030
373064
373066
373068
373072
373090
373092
373097
373099
373102
373107
373108
373114
373145
373148
373156
373190
373192
373194
373198
373203
373204
373211
373213
373214
373216
373220
373222
373257
373263
373280
373286
373292
373293
373298
373301
373328
373329
373335
373336
373340
373341
373349
373352
373374
373378
373400
373404
373472
373473
373480
373484
373502
373514
373539
373542
373551
373563
373564
373569
373577
373578
373581
373602
373603
373604
373608
373643
373655
373680
373683
373692
373704
373705
373710
373718
373719
373722
373743
373744
373745
373749
373933
373937
373943
373944
373949
373957
373958
373961
373968
373971
373979
374024
374026
374028
374032
374059
374063
374069
374070
374075
374083
374084
374087
374094
374097
374105
374150
374152
374154
374158
374175
374176
374180
374182
374183
374185
374191
374193
374232
374234
374252
374254
374282
374283
374288
374290
374292
374293
374297
374299
374302
374304
374315
374318
374363
374367
374389
374393
374435
374436
374443
374447
374469
374475
374503
374505
374508
374513
374514
374522
374531
374534
374543
374585
374587
374589
374596
374619
374625
374653
374655
374658
374663
374664
374672
374681
374684
374693
374735
374737
374739
374746
374904
374905
374912
374914
374915
374917
374921
374923
374958
374964
374981
374987
374993
374994
374999
375002
375040
375044
375050
375051
375056
375064
375065
375068
375075
375078
375086
375131
375133
375135
375139
375166
375170
375176
375177
375182
375190
375191
375194
375201
375204
375212
375257
375259
375261
375265
375282
375283
375287
375289
375292
375294
375305
375308
375353
375357
375379
375383
375425
375426
375433
375437
375459
375465
375491
375492
375495
375498
375500
375508
375515
375518
375527
375566
375568
375570
375577
375600
375606
375632
375633
375636
375639
375641
375649
375656
375659
375668
375707
375709
375711
375718
375876
375877
375884
375886
375887
375889
375893
375895
375929
375935
375949
375955
375960
375961
375964
375966
376003
376007
376013
376014
376019
376027
376028
376031
376038
376041
376049
376094
376096
376098
376102
376129
376133
376139
376140
376145
376153
376154
376157
376164
376167
376175
376220
376222
376224
376228
376244
376245
376251
376252
376261
376262
376266
376268
376285
376293
376316
376320
376370
376371
376378
376382
376418
376430
376452
376455
376462
376473
376474
376479
376487
376488
376491
376509
376510
376511
376515
376682
376694
376716
376719
376726
376737
376738
376743
376751
376752
376755
376773
376774
376775
376779
376816
376818
376823
376825
376828
376833
376834
376840
376868
376871
376877
376907
376909
376911
376915
376930
376934
376940
376941
376946
376954
376955
376958
376965
376968
376974
377012
377014
377016
377020
377037
377038
377042
377044
377045
377047
377053
377055
377094
377096
377114
377116
377144
377145
377150
377152
377153
377155
377160
377161
377169
377171
377174
377181
377199
377203
377246
377254
377279
377280
377287
377291
377331
377340
377364
377367
377374
377385
377387
377390
377395
377396
377404
377439
377440
377441
377445
377613
377619
377647
377649
377652
377657
377658
377666
377675
377678
377687
377729
377731
377733
377740
377758
377762
377768
377769
377774
377782
377783
377786
377793
377796
377802
377840
377842
377844
377848
377865
377866
377873
377875
377876
377878
377882
377884
377919
377925
377942
377948
377954
377955
377960
377963
378004
378006
378011
378013
378016
378021
378022
378028
378059
378062
378070
378104
378106
378108
378112
378116
378117
378123
378124
378133
378134
378138
378140
378157
378165
378188
378192
378242
378243
378250
378254
378294
378303
378324
378327
378334
378346
378347
378350
378353
378355
378363
378393
378394
378395
378399
378558
378567
378588
378591
378598
378610
378611
378614
378617
378619
378627
378657
378658
378659
378663
378688
378690
378695
378697
378700
378705
378706
378712
378740
378743
378749
378779
378781
378783
378787
378802
378806
378812
378813
378818
378826
378827
378830
378837
378840
378846
378884
378886
378888
378892
378909
378910
378917
378919
378920
378922
378926
378928
378962
378968
378982
378988
378993
378994
378997
378999
379025
379026
379032
379033
379042
379043
379047
379049
379066
379074
379097
379101
379151
379152
379159
379163
379199
379211
379233
379236
379243
379254
379255
379260
379268
379269
379272
379290
379291
379292
379296
379463
379475
379497
379500
379507
379518
379519
379524
379532
379533
379536
379554
379555
379556
379560
379597
379599
379604
379606
379609
379614
379615
379621
379649
379652
379658
379688
379690
379692
379696
379711
379715
379721
379722
379727
379735
379736
379739
379746
379749
379755
379793
379795
379797
379801
379818
379819
379823
379825
379826
379828
379834
379836
379875
379877
379895
379897
379925
379926
379931
379933
379934
379936
379941
379942
379950
379952
379955
379962
379980
379984
380027
380035
380060
380061
380068
380072
380112
380121
380145
380148
380155
380166
380168
380171
380176
380177
380185
380220
380221
380222
380226
380394
380400
380428
380430
380433
380438
380439
380447
380456
380459
380468
380510
380512
380514
380521
380539
380543
380549
380550
380555
380563
380564
380567
380574
380577
380583
380621
380623
380625
380629
380646
380647
380654
380656
380657
380659
380663
380665
380700
380706
380723
380729
380735
380736
380741
380744
380785
380787
380792
380794
380797
380802
380803
380809
380840
380843
380851
380885
380887
380889
380893
380897
380898
380904
380905
380914
380915
380919
380921
380938
380946
380969
380973
381023
381024
381031
381035
381075
381084
381105
381108
381115
381127
381128
381131
381134
381136
381144
381174
381175
381176
381180
381339
381348
381369
381372
381379
381391
381392
381395
381398
381400
381408
381438
381439
381440
381444
381469
381471
381476
381478
381481
381486
381487
381493
381521
381524
381530
381560
381562
381564
381568
381583
381587
381593
381594
381599
381607
381608
381611
381618
381621
381627
381665
381667
381669
381673
381690
381691
381698
381700
381701
381703
381707
381709
381743
381749
381763
381769
381774
381775
381778
381780
381807
381808
381817
381819
381822
381824
381831
381834
381873
381881
381899
381907
381914
381915
381922
381926
382116
382122
382145
382146
382149
382152
382154
382162
382169
382172
382179
382214
382216
382218
382225
382248
382254
382277
382278
382281
382284
382286
382294
382301
382304
382311
382346
382348
382350
382357
382365
382366
382373
382375
382376
382378
382382
382384
382418
382424
382438
382444
382449
382450
382453
382455
382495
382497
382502
382504
382507
382512
382513
382519
382547
382550
382556
382586
382588
382590
382594
382612
382614
382619
382621
382624
382629
382630
382636
382664
382667
382673
382703
382705
382707
382711
382715
382716
382727
382728
382732
382733
382737
382740
382756
382764
382782
382790
382823
382824
382831
382835
383043
383052
383079
383082
383091
383103
383105
383108
383113
383114
383122
383160
383161
383162
383166
383193
383202
383229
383232
383241
383253
383255
383258
383263
383264
383272
383310
383311
383312
383316
383341
383343
383348
383350
383353
383358
383359
383365
383396
383399
383407
383441
383443
383445
383449
383467
383469
383474
383476
383479
383484
383485
383491
383522
383525
383533
383567
383569
383571
383575
383580
383581
383588
383590
383591
383593
383597
383599
383634
383640
383657
383663
383669
383670
383675
383678
383706
383707
383716
383718
383721
383723
383730
383733
383772
383780
383798
383806
383813
383814
383821
383825
384033
384039
384067
384069
384072
384077
384078
384086
384095
384098
384107
384149
384151
384153
384160
384183
384189
384217
384219
384222
384227
384228
384236
384245
384248
384257
384299
384301
384303
384310
384318
384319
384326
384328
384329
384331
384335
384337
384372
384378
384395
384401
384407
384408
384413
384416
384457
384459
384464
384466
384469
384474
384475
384481
384512
384515
384523
384557
384559
384561
384565
384583
384585
384590
384592
384595
384600
384601
384607
384638
384641
384649
384683
384685
384687
384691
384696
384697
384706
384708
384711
384713
384720
384723
384762
384770
384788
384796
384803
384804
384811
384815
385023
385029
385055
385056
385059
385062
385064
385072
385079
385082
385091
385130
385132
385134
385141
385164
385170
385196
385197
385200
385203
385205
385213
385220
385223
385232
385271
385273
385275
385282
385290
385291
385298
385300
385301
385303
385307
385309
385343
385349
385363
385369
385374
385375
385378
385380
385420
385422
385427
385429
385432
385437
385438
385444
385475
385478
385486
385520
385522
385524
385528
385546
385548
385553
385555
385558
385563
385564
385570
385601
385604
385612
385646
385648
385650
385654
385658
385659
385670
385671
385675
385676
385680
385683
385699
385707
385725
385733
385766
385767
385774
385778
385968
385977
386001
386004
386011
386022
386024
386027
386032
386033
386041
386076
386077
386078
386082
386109
386118
386142
386145
386152
386163
386165
386168
386173
386174
386182
386217
386218
386219
386223
386248
386250
386255
386257
386260
386265
386266
386272
386300
386303
386309
386339
386341
386343
386347
386365
386367
386372
386374
386377
386382
386383
386389
386417
386420
386426
386456
386458
386460
386464
386469
386470
386477
386479
386480
386482
386486
386488
386523
386529
386546
386552
386558
386559
386564
386567
386594
386596
386606
386607
386610
386612
386616
386622
386635
386643
386687
386695
386702
386703
386710
386714
386913
386922
386943
386946
386953
386965
386966
386969
386972
386974
386982
387012
387013
387014
387018
387045
387051
387077
387078
387081
387084
387086
387094
387101
387104
387113
387152
387154
387156
387163
387184
387186
387191
387193
387196
387201
387202
387208
387236
387239
387245
387275
387277
387279
387283
387288
387289
387296
387298
387299
387301
387305
387307
387341
387347
387361
387367
387372
387373
387376
387378
387418
387420
387425
387427
387430
387435
387436
387442
387473
387476
387484
387518
387520
387522
387526
387530
387531
387542
387543
387547
387548
387552
387555
387571
387579
387597
387605
387638
387639
387646
387650
387840
387849
387873
387876
387883
387894
387896
387899
387904
387905
387913
387948
387949
387950
387954
387981
387990
388014
388017
388024
388035
388037
388040
388045
388046
388054
388089
388090
388091
388095
388120
388122
388127
388129
388132
388137
388138
388144
388172
388175
388181
388211
388213
388215
388219
388237
388239
388244
388246
388249
388254
388255
388261
388289
388292
388298
388328
388330
388332
388336
388341
388342
388349
388351
388352
388354
388358
388360
388395
388401
388418
388424
388430
388431
388436
388439
388466
388468
388478
388479
388482
388484
388488
388494
388507
388515
388559
388567
388574
388575
388582
388586
388785
388794
388815
388818
388825
388837
388838
388841
388844
388846
388854
388884
388885
388886
388890
388917
388923
388949
388950
388953
388956
388958
388966
388973
388976
388985
389024
389026
389028
389035
389056
389058
389063
389065
389068
389073
389074
389080
389108
389111
389117
389147
389149
389151
389155
389160
389161
389168
389170
389171
389173
389177
389179
389213
389219
389233
389239
389244
389245
389248
389250
389290
389292
389297
389299
389302
389307
389308
389314
389345
389348
389356
389390
389392
389394
389398
389403
389404
389413
389415
389418
389420
389427
389430
389469
389477
389495
389503
389510
389511
389518
389522
389712
389718
389741
389742
389745
389748
389750
389758
389765
389768
389775
389810
389812
389814
389821
389844
389850
389873
389874
389877
389880
389882
389890
389897
389900
389907
389942
389944
389946
389953
389961
389962
389969
389971
389972
389974
389978
389980
390014
390020
390034
390040
390045
390046
390049
390051
390091
390093
390098
390100
390103
390108
390109
390115
390143
390146
390152
390182
390184
390186
390190
390208
390210
390215
390217
390220
390225
390226
390232
390260
390263
390269
390299
390301
390303
390307
390729
390730
390741
390742
390746
390747
390751
390754
390769
390777
390792
390800
390832
390833
390838
390841
391031
391047
391074
391079
391082
391099
391100
391105
391114
391115
391119
391126
391127
391128
391132
391181
391197
391224
391229
391232
391249
391250
391255
391264
391265
391269
391276
391277
391278
391282
391334
391339
391345
391346
391349
391352
391354
391360
391385
391390
391393
391416
391418
391420
391424
391451
391456
391462
391463
391466
391469
391471
391477
391502
391507
391510
391533
391535
391537
391541
391558
391559
391563
391565
391566
391568
391574
391576
391616
391619
391639
391642
391671
391672
391677
391680
395764
395765
395776
395777
395781
395782
395786
395789
395804
395812
395827
395835
395867
395868
395873
395876
396066
396082
396106
396111
396114
396131
396132
396137
396145
396146
396149
396155
396156
396157
396161
396207
396223
396247
396252
396255
396272
396273
396278
396286
396287
396290
396296
396297
396298
396302
396351
396356
396362
396363
396366
396369
396371
396377
396402
396407
396410
396433
396435
396437
396441
396468
396473
396479
396480
396483
396486
396488
396494
396519
396524
396527
396550
396552
396554
396558
396575
396576
396580
396582
396583
396585
396591
396593
396632
396634
396652
396654
396682
396683
396688
396690
402516
402517
402528
402529
402533
402534
402538
402541
402556
402564
402579
402587
402619
402620
402625
402628
402818
402834
402861
402866
402869
402886
402887
402892
402901
402902
402906
402913
402914
402915
402919
402968
402984
403011
403016
403019
403036
403037
403042
403051
403052
403056
403063
403064
403065
403069
403121
403126
403132
403133
403136
403139
403141
403147
403172
403177
403180
403203
403205
403207
403211
403238
403243
403249
403250
403253
403256
403258
403264
403289
403294
403297
403320
403322
403324
403328
403345
403346
403350
403352
403353
403355
403361
403363
403403
403406
403426
403429
403458
403459
403464
403467
407620
407621
407632
407633
407637
407638
407642
407645
407660
407668
407683
407691
407723
407724
407729
407732
407922
407938
407965
407970
407973
407990
407991
407996
408005
408006
408010
408017
408018
408019
408023
408072
408088
408115
408120
408123
408140
408141
408146
408155
408156
408160
408167
408168
408169
408173
408225
408230
408236
408237
408240
408243
408245
408251
408276
408281
408284
408307
408309
408311
408315
408342
408347
408353
408354
408357
408360
408362
408368
408393
408398
408401
408424
408426
408428
408432
408449
408450
408454
408456
408457
408459
408465
408467
408507
408510
408530
408533
408562
408563
408568
408571
412670
412671
412682
412683
412687
412688
412692
412695
412710
412718
412733
412741
412773
412774
412779
412782
412972
412988
413012
413017
413020
413037
413038
413043
413051
413052
413055
413061
413062
413063
413067
413113
413129
413153
413158
413161
413178
413179
413184
413192
413193
413196
413202
413203
413204
413208
413257
413262
413268
413269
413272
413275
413277
413283
413308
413313
413316
413339
413341
413343
413347
413374
413379
413385
413386
413389
413392
413394
413400
413425
413430
413433
413456
413458
413460
413464
413481
413482
413486
413488
413489
413491
413497
413499
413538
413540
413558
413560
413588
413589
413594
413596
416755
416756
416767
416768
416772
416773
416777
416780
416795
416803
416818
416826
416858
416859
416864
416867
417043
417055
417080
417083
417090
417101
417102
417107
417116
417117
417121
417140
417141
417142
417146
417184
417196
417221
417224
417231
417242
417243
417248
417257
417258
417262
417281
417282
417283
417287
417327
417329
417335
417336
417339
417342
417344
417350
417373
417376
417382
417409
417411
417413
417417
417435
417437
417443
417444
417447
417450
417452
417458
417481
417484
417490
417517
417519
417521
417525
417530
417531
417535
417537
417538
417540
417546
417548
417588
417591
417611
417614
417643
417644
417649
417652
421670
421671
421682
421683
421687
421688
421692
421695
421710
421718
421733
421741
421773
421774
421779
421782
421967
421979
422004
422007
422014
422025
422026
422031
422040
422041
422045
422064
422065
422066
422070
422104
422120
422147
422152
422155
422172
422173
422178
422187
422188
422192
422199
422200
422201
422205
422260
422262
422268
422269
422272
422275
422277
422283
422306
422309
422315
422342
422344
422346
422350
422365
422370
422376
422377
422380
422383
422385
422391
422416
422421
422424
422447
422449
422451
422455
422472
422473
422477
422479
422480
422482
422488
422490
422530
422533
422553
422556
422585
422586
422591
422594
426666
426667
426678
426679
426683
426684
426688
426691
426706
426714
426729
426737
426769
426770
426775
426778
426954
426966
426988
426991
426998
427009
427010
427015
427023
427024
427027
427045
427046
427047
427051
427086
427098
427120
427123
427130
427141
427142
427147
427155
427156
427159
427177
427178
427179
427183
427220
427222
427228
427229
427232
427235
427237
427243
427266
427269
427275
427302
427304
427306
427310
427328
427330
427336
427337
427340
427343
427345
427351
427374
427377
427383
427410
427412
427414
427418
427423
427424
427428
427430
427431
427433
427439
427441
427480
427482
427500
427502
427530
427531
427536
427538
431473
431474
431485
431486
431490
431491
431495
431498
431513
431521
431536
431544
431576
431577
431582
431585
431761
431773
431798
431801
431808
431819
431820
431825
431834
431835
431839
431858
431859
431860
431864
431902
431914
431939
431942
431949
431960
431961
431966
431975
431976
431980
431999
432000
432001
432005
432045
432047
432053
432054
432057
432060
432062
432068
432091
432094
432100
432127
432129
432131
432135
432153
432155
432161
432162
432165
432168
432170
432176
432199
432202
432208
432235
432237
432239
432243
432248
432249
432253
432255
432256
432258
432264
432266
432306
432309
432329
432332
432361
432362
432367
432370
436388
436389
436400
436401
436405
436406
436410
436413
436428
436436
436451
436459
436491
436492
436497
436500
436685
436697
436722
436725
436732
436743
436744
436749
436758
436759
436763
436782
436783
436784
436788
436822
436838
436865
436870
436873
436890
436891
436896
436905
436906
436910
436917
436918
436919
436923
436978
436980
436986
436987
436990
436993
436995
437001
437024
437027
437033
437060
437062
437064
437068
437083
437088
437094
437095
437098
437101
437103
437109
437134
437139
437142
437165
437167
437169
437173
437190
437191
437195
437197
437198
437200
437206
437208
437248
437251
437271
437274
437303
437304
437309
437312
441384
441385
441396
441397
441401
441402
441406
441409
441424
441432
441447
441455
441487
441488
441493
441496
441672
441684
441706
441709
441716
441727
441728
441733
441741
441742
441745
441763
441764
441765
441769
441804
441816
441838
441841
441848
441859
441860
441865
441873
441874
441877
441895
441896
441897
441901
441938
441940
441946
441947
441950
441953
441955
441961
441984
441987
441993
442020
442022
442024
442028
442046
442048
442054
442055
442058
442061
442063
442069
442092
442095
442101
442128
442130
442132
442136
442141
442142
442146
442148
442149
442151
442157
442159
442198
442200
442218
442220
442248
442249
442254
442256
445361
445362
445373
445374
445378
445379
445383
445386
445401
445409
445424
445432
445464
445465
445470
445473
445649
445661
445686
445689
445696
445707
445708
445713
445722
445723
445727
445746
445747
445748
445752
445790
445802
445827
445830
445837
445848
445849
445854
445863
445864
445868
445887
445888
445889
445893
445933
445935
445941
445942
445945
445948
445950
445956
445979
445982
445988
446015
446017
446019
446023
446041
446043
446049
446050
446053
446056
446058
446064
446087
446090
446096
446123
446125
446127
446131
446136
446137
446141
446143
446144
446146
446152
446154
446194
446197
446217
446220
446249
446250
446255
446258
450235
450236
450245
450247
450250
450252
450259
450262
450300
450308
450323
450331
450337
450338
450343
450346
450540
450550
450576
450577
450580
450583
450585
450593
450599
450604
450607
450636
450638
450640
450647
450681
450691
450717
450718
450721
450724
450726
450734
450740
450745
450748
450777
450779
450781
450788
450811
450812
450819
450821
450822
450824
450828
450830
450864
450870
450884
450890
450895
450896
450899
450901
450938
450943
450949
450950
450953
450956
450958
450964
450989
450994
450997
451020
451022
451024
451028
451055
451060
451066
451067
451070
451073
451075
451081
451106
451111
451114
451137
451139
451141
451145
455258
455259
455268
455270
455273
455275
455282
455285
455323
455331
455346
455354
455360
455361
455366
455369
455563
455573
455599
455600
455603
455606
455608
455616
455622
455627
455630
455659
455661
455663
455670
455704
455714
455740
455741
455744
455747
455749
455757
455763
455768
455771
455800
455802
455804
455811
455834
455835
455842
455844
455845
455847
455851
455853
455887
455893
455907
455913
455918
455919
455922
455924
455961
455966
455972
455973
455976
455979
455981
455987
456012
456017
456020
456043
456045
456047
456051
456078
456083
456089
456090
456093
456096
456098
456104
456129
456134
456137
456160
456162
456164
456168
460281
460282
460291
460293
460296
460298
460305
460308
460346
460354
460369
460377
460383
460384
460389
460392
460586
460596
460622
460623
460626
460629
460631
460639
460645
460650
460653
460682
460684
460686
460693
460727
460737
460763
460764
460767
460770
460772
460780
460786
460791
460794
460823
460825
460827
460834
460857
460858
460865
460867
460868
460870
460874
460876
460910
460916
460930
460936
460941
460942
460945
460947
460984
460989
460995
460996
460999
461002
461004
461010
461035
461040
461043
461066
461068
461070
461074
461101
461106
461112
461113
461116
461119
461121
461127
461152
461157
461160
461183
461185
461187
461191
465235
465236
465245
465247
465250
465252
465259
465262
465300
465308
465323
465331
465337
465338
465343
465346
465526
465532
465555
465556
465559
465562
465564
465572
465579
465582
465589
465624
465626
465628
465635
465658
465664
465687
465688
465691
465694
465696
465704
465711
465714
465721
465756
465758
465760
465767
465775
465776
465783
465785
465786
465788
465792
465794
465828
465834
465848
465854
465859
465860
465863
465865
465905
465907
465913
465914
465917
465920
465922
465928
465951
465954
465960
465987
465989
465991
465995
466013
466015
466021
466022
466025
466028
466030
466036
466059
466062
466068
466095
466097
466099
466103
470096
470097
470106
470108
470111
470113
470120
470123
470161
470169
470184
470192
470198
470199
470204
470207
470396
470402
470425
470426
470429
470432
470434
470442
470449
470452
470459
470494
470496
470498
470505
470524
470534
470560
470561
470564
470567
470569
470577
470583
470588
470591
470620
470622
470624
470631
470654
470655
470662
470664
470665
470667
470671
470673
470707
470713
470727
470733
470738
470739
470742
470744
470784
470786
470792
470793
470796
470799
470801
470807
470830
470833
470839
470866
470868
470870
470874
470889
470894
470900
470901
470904
470907
470909
470915
470940
470945
470948
470971
470973
470975
470979
474969
474970
474979
474981
474984
474986
474993
474996
475034
475042
475057
475065
475071
475072
475077
475080
475260
475266
475289
475290
475293
475296
475298
475306
475313
475316
475323
475358
475360
475362
475369
475392
475398
475421
475422
475425
475428
475430
475438
475445
475448
475455
475490
475492
475494
475501
475509
475510
475517
475519
475520
475522
475526
475528
475562
475568
475582
475588
475593
475594
475597
475599
475639
475641
475647
475648
475651
475654
475656
475662
475685
475688
475694
475721
475723
475725
475729
475747
475749
475755
475756
475759
475762
475764
475770
475793
475796
475802
475829
475831
475833
475837
479830
479831
479840
479842
479845
479847
479854
479857
479895
479903
479918
479926
479932
479933
479938
479941
480130
480136
480159
480160
480163
480166
480168
480176
480183
480186
480193
480228
480230
480232
480239
480258
480268
480294
480295
480298
480301
480303
480311
480317
480322
480325
480354
480356
480358
480365
480388
480389
480396
480398
480399
480401
480405
480407
480441
480447
480461
480467
480472
480473
480476
480478
480518
480520
480526
480527
480530
480533
480535
480541
480564
480567
480573
480600
480602
480604
480608
480623
480628
480634
480635
480638
480641
480643
480649
480674
480679
480682
480705
480707
480709
480713
484703
484704
484713
484715
484718
484720
484727
484730
484768
484776
484791
484799
484805
484806
484811
484814
484994
485000
485023
485024
485027
485030
485032
485040
485047
485050
485057
485092
485094
485096
485103
485126
485132
485155
485156
485159
485162
485164
485172
485179
485182
485189
485224
485226
485228
485235
485243
485244
485251
485253
485254
485256
485260
485262
485296
485302
485316
485322
485327
485328
485331
485333
485373
485375
485381
485382
485385
485388
485390
485396
485419
485422
485428
485455
485457
485459
485463
485481
485483
485489
485490
485493
485496
485498
485504
485527
485530
485536
485563
485565
485567
485571
491988
491989
491990
491991
491992
491993
491994
491995
491996
491997
491998
491999
492000
492001
492002
492003
492004
492005
492006
492007
492008
492009
492010
492011
492012
492013
492014
492015
492016
492017
492018
492019
492020
492021
492022
492023
492024
492025
492026
492027
492028
492029
492030
492031
492032
492033
492034
492035
492036
492037
492038
492039
492040
492041
492042
492043
492044
492045
492046
492047
492048
492049
492050
492051
492052
492053
492054
492055
492056
492057
492058
492059
492060
492061
492062
492063
492064
492065
492066
492067
492068
492069
492070
492071
492072
492073
492074
492075
492076
492077
492078
492079
492080
492081
492082
492083
492084
492085
492086
492087
492088
492089
492090
492091
492092
492093
492094
492095
492096
492097
492098
492099
492100
492101
492102
492103
492104
492105
492106
492107
492108
492109
492110
492111
492112
492113
492114
492115
492116
492117
492118
492119
492120
492121
492122
492123
492124
492125
492126
492127
492128
492129
492130
492131
492132
492133
492134
492135
492136
492137
492138
492139
492140
492141
492142
492143
492144
492145
492146
492147
492148
492149
492150
492151
)
;
flipMap         List<bool> 
4808
(
0
0
0
0
1
1
1
1
1
1
1
1
1
1
1
1
1
1
1
1
1
1
1
1
1
1
1
1
1
1
1
1
1
1
1
1
1
1
1
1
1
1
1
1
1
1
1
1
1
1
1
1
1
1
1
1
1
1
1
1
1
1
1
1
1
1
1
1
1
1
1
1
1
1
1
1
1
1
1
1
1
1
1
1
1
1
1
1
1
1
1
1
1
1
1
1
1
1
1
1
1
1
1
1
1
1
1
1
1
1
1
1
1
1
1
1
1
1
1
1
1
1
1
1
1
1
1
1
1
1
1
1
1
1
1
1
1
1
1
1
1
1
1
1
1
1
1
1
1
1
1
1
1
1
1
1
1
1
1
1
1
1
1
1
1
1
1
1
1
1
1
1
1
1
1
1
1
1
1
1
1
1
1
1
1
1
1
1
1
1
1
1
0
0
0
0
0
0
0
0
0
0
0
0
1
1
1
1
1
1
1
1
1
1
1
1
1
1
1
1
1
1
1
1
1
1
1
1
1
1
1
1
1
1
1
1
1
1
1
1
1
1
1
1
1
1
1
1
1
1
1
1
1
1
1
1
1
1
1
1
1
1
1
1
1
1
1
1
1
1
1
1
1
1
1
1
1
1
1
1
1
1
1
1
1
1
1
1
1
1
1
1
1
1
1
1
1
1
1
1
1
1
1
1
1
1
1
1
1
1
1
1
1
1
1
1
1
1
1
1
1
1
1
1
0
1
0
0
1
0
1
1
0
1
1
1
1
1
1
1
1
0
1
0
0
1
0
1
1
0
1
1
1
1
1
1
1
1
0
1
0
0
1
0
1
1
0
1
1
1
1
1
1
1
1
0
1
0
0
1
0
1
1
0
1
1
1
1
1
1
1
1
1
1
1
1
1
1
1
1
1
1
1
1
1
1
1
1
1
1
1
1
1
1
1
1
1
1
1
1
1
1
1
1
1
1
1
1
1
1
1
1
1
1
1
1
1
1
1
1
1
1
1
1
1
1
1
1
1
1
1
1
1
1
1
1
1
1
1
1
1
1
1
1
1
1
1
1
1
1
1
1
1
1
1
1
1
1
1
1
1
1
1
1
0
1
1
0
1
1
0
1
1
0
1
1
0
1
1
0
1
1
0
1
1
0
1
1
0
1
1
0
1
1
0
1
1
0
1
1
0
1
1
0
1
1
0
1
1
0
1
1
0
1
1
0
1
1
0
1
1
0
1
1
0
1
1
0
1
1
0
1
1
0
1
1
0
1
1
0
1
1
0
1
1
0
1
1
0
1
1
0
1
1
0
1
1
0
1
1
0
1
1
0
1
1
0
1
1
0
1
1
0
1
1
0
1
1
0
1
1
0
1
1
0
1
1
0
1
1
0
1
1
0
1
1
0
1
1
0
1
1
0
1
1
0
1
1
0
1
1
0
1
1
0
1
1
0
1
1
0
1
1
0
1
1
0
1
1
0
1
1
0
1
1
0
1
1
0
1
1
0
1
1
0
1
1
0
1
1
0
1
1
0
1
1
0
1
1
0
1
1
0
1
1
0
1
1
0
1
1
0
1
1
0
1
1
0
1
1
0
1
1
0
1
1
0
1
1
0
1
1
0
1
1
0
1
1
0
1
1
0
1
1
0
1
1
0
1
1
0
1
1
0
1
1
0
1
1
0
1
1
0
1
1
0
1
1
0
1
1
0
1
1
0
1
1
0
1
1
0
1
1
0
1
1
0
1
1
0
1
1
0
1
1
0
1
1
0
1
1
0
1
1
0
1
1
0
1
1
0
1
1
0
1
1
0
1
1
0
1
1
0
1
1
0
1
1
0
1
1
0
1
1
0
1
1
0
1
1
0
1
1
0
1
1
0
1
1
0
1
1
0
1
1
0
1
1
0
1
1
0
1
1
0
1
1
0
1
1
0
1
1
0
1
1
0
1
1
0
1
1
0
1
1
0
1
1
0
1
1
0
1
1
0
1
1
0
1
1
0
1
1
0
1
1
0
1
1
0
1
1
0
1
1
0
1
1
0
1
1
0
1
1
0
1
1
0
1
1
0
1
1
0
1
1
0
1
1
0
1
1
0
1
1
0
1
1
0
1
1
0
1
1
0
1
1
0
1
1
0
1
1
0
1
1
0
1
1
0
1
1
0
1
1
0
1
1
0
1
1
0
1
1
1
1
0
0
0
0
0
0
1
1
1
1
1
1
0
0
0
0
0
1
1
0
0
1
1
1
1
0
0
1
1
0
0
0
1
1
0
0
1
1
1
1
0
0
1
1
0
0
0
0
1
1
1
1
0
1
1
0
0
1
1
0
0
0
0
1
1
1
1
0
1
1
0
0
1
1
1
1
0
0
0
0
0
0
1
1
1
1
1
1
0
0
1
1
0
0
0
0
0
0
1
1
1
1
1
1
0
0
0
0
0
1
1
0
0
1
1
1
1
0
0
1
1
0
0
0
1
1
0
0
1
1
1
1
0
0
1
1
0
0
0
0
1
1
1
1
0
1
1
0
0
1
1
0
0
0
0
1
1
1
1
0
1
1
0
0
1
1
1
1
0
0
0
0
0
0
1
1
1
1
1
1
0
0
1
1
0
0
0
0
0
0
1
1
1
1
1
1
0
0
0
0
0
1
1
0
0
1
1
1
1
0
0
1
1
0
0
0
1
1
0
0
1
1
1
1
0
0
1
1
0
0
0
0
1
1
1
1
0
1
1
0
0
1
1
0
0
0
0
1
1
1
1
0
1
1
0
0
1
1
1
1
0
0
0
0
0
0
1
1
1
1
1
1
0
0
1
1
0
0
0
0
0
0
1
1
1
1
1
1
0
0
0
0
0
0
1
1
1
1
0
1
1
0
0
1
1
0
0
0
0
1
1
1
1
0
1
1
0
0
1
1
1
1
0
0
0
0
0
0
1
1
1
1
1
1
0
0
0
0
0
0
1
1
1
1
0
1
1
0
0
1
1
0
0
0
0
1
1
1
1
0
1
1
0
0
1
1
1
1
0
0
0
0
0
0
1
1
1
1
1
1
0
0
0
0
0
0
1
1
1
1
0
1
1
0
0
1
1
0
0
0
0
1
1
1
1
0
1
1
0
0
1
1
1
1
0
0
0
0
0
0
1
1
1
1
1
1
0
0
0
0
0
0
1
1
1
1
0
1
1
0
0
1
1
0
0
0
0
1
1
1
1
0
1
1
0
0
1
1
1
1
0
0
0
0
0
0
1
1
1
1
1
1
0
0
0
0
0
1
1
0
0
1
1
1
1
0
0
1
1
0
0
0
1
1
0
0
1
1
1
1
0
0
1
1
0
0
0
0
1
1
1
1
0
1
1
0
0
1
1
0
0
0
0
1
1
1
1
0
1
1
0
0
1
1
1
1
0
0
0
0
0
0
1
1
1
1
1
1
0
0
1
1
0
0
0
0
0
0
1
1
1
1
1
1
0
0
0
0
0
1
1
0
0
1
1
1
1
0
0
1
1
0
0
0
0
1
1
1
1
0
1
1
0
0
1
1
0
0
0
0
1
1
1
1
0
1
1
0
0
1
1
1
1
0
0
0
0
0
0
1
1
1
1
1
1
0
0
0
0
0
0
1
1
1
1
0
1
1
0
0
1
1
1
1
0
0
0
0
0
0
1
1
1
1
1
1
0
0
0
0
0
1
1
0
0
1
1
1
1
0
0
1
1
0
0
0
1
1
0
0
1
1
1
1
0
0
1
1
0
0
0
0
1
1
1
1
0
1
1
0
0
1
1
0
0
0
0
1
1
1
1
0
1
1
0
0
1
1
1
1
0
0
0
0
0
0
1
1
1
1
1
1
0
0
1
1
0
0
0
0
0
0
1
1
1
1
1
1
0
0
0
0
0
1
1
0
0
1
1
1
1
0
0
1
1
0
0
0
1
1
0
0
1
1
1
1
0
0
1
1
0
0
0
0
1
1
1
1
0
1
1
0
0
1
1
0
0
0
0
1
1
1
1
0
1
1
0
0
1
1
1
1
0
0
0
0
0
0
1
1
1
1
1
1
0
0
1
1
0
0
0
0
0
0
1
1
1
1
1
1
0
0
0
0
0
1
1
0
0
1
1
1
1
0
0
1
1
0
0
0
0
1
1
1
1
0
1
1
0
0
1
1
0
0
0
0
1
1
1
1
0
1
1
0
0
1
1
1
1
0
0
0
0
0
0
1
1
1
1
1
1
0
0
0
0
0
0
1
1
1
1
0
1
1
0
0
1
1
1
1
0
0
0
0
0
0
1
1
1
1
1
1
0
0
0
0
0
1
1
0
0
1
1
1
1
0
0
1
1
0
0
0
1
1
0
0
1
1
1
1
0
0
1
1
0
0
0
0
1
1
1
1
0
1
1
0
0
1
1
0
0
0
0
1
1
1
1
0
1
1
0
0
1
1
1
1
0
0
0
0
0
0
1
1
1
1
1
1
0
0
1
1
0
0
0
0
0
0
1
1
1
1
1
1
0
0
0
0
0
0
1
1
1
1
0
1
1
0
0
1
1
0
0
0
0
1
1
1
1
0
1
1
0
0
1
1
1
1
0
0
0
0
0
0
1
1
1
1
1
1
0
0
0
0
0
0
1
1
1
1
0
1
1
0
0
1
1
0
0
0
0
1
1
1
1
0
1
1
0
0
1
1
1
1
0
0
0
0
0
0
1
1
1
1
1
1
0
0
0
0
0
1
1
0
0
1
1
1
1
0
0
1
1
0
0
0
1
1
0
0
1
1
1
1
0
0
1
1
0
0
0
0
1
1
1
1
0
1
1
0
0
1
1
0
0
0
0
1
1
1
1
0
1
1
0
0
1
1
1
1
0
0
0
0
0
0
1
1
1
1
1
1
0
0
1
1
0
0
0
0
0
0
1
1
1
1
1
1
0
0
0
0
0
0
1
1
1
1
0
1
1
0
0
1
1
0
0
0
0
1
1
1
1
0
1
1
0
0
1
1
1
1
0
0
0
0
0
0
1
1
1
1
1
1
0
0
0
0
0
0
1
1
1
1
0
1
1
0
0
1
1
0
0
0
0
1
1
1
1
0
1
1
0
0
1
1
1
1
0
0
0
0
0
0
1
1
1
1
1
1
0
0
0
0
0
0
1
1
1
1
0
1
1
0
0
1
1
0
0
0
0
1
1
1
1
0
1
1
0
0
1
1
1
1
0
0
0
0
0
0
1
1
1
1
1
1
0
0
0
0
0
0
1
1
1
1
0
1
1
0
0
1
1
0
0
0
0
1
1
1
1
0
1
1
0
0
1
1
1
1
0
0
0
0
0
0
1
1
1
1
1
1
0
0
0
0
0
1
1
0
0
1
1
1
1
0
0
1
1
0
0
0
1
1
0
0
1
1
1
1
0
0
1
1
0
0
0
0
1
1
1
1
0
1
1
0
0
1
1
0
0
0
0
1
1
1
1
0
1
1
0
0
1
1
1
1
0
0
0
0
0
0
1
1
1
1
1
1
0
0
1
1
0
0
0
0
0
0
1
1
1
1
1
1
0
0
0
0
0
1
1
0
0
1
1
1
1
0
0
1
1
0
0
0
0
1
1
1
1
0
1
1
0
0
1
1
0
0
0
0
1
1
1
1
0
1
1
0
0
1
1
1
1
0
0
0
0
0
0
1
1
1
1
1
1
0
0
0
0
0
0
1
1
1
1
0
1
1
0
0
1
1
1
1
0
0
0
0
0
0
1
1
1
1
1
1
0
0
0
0
0
1
1
0
0
1
1
1
1
0
0
1
1
0
0
0
1
1
0
0
1
1
1
1
0
0
1
1
0
0
0
0
1
1
1
1
0
1
1
0
0
1
1
0
0
0
0
1
1
1
1
0
1
1
0
0
1
1
1
1
0
0
0
0
0
0
1
1
1
1
1
1
0
0
1
1
0
0
0
0
0
0
1
1
1
1
1
1
0
0
0
0
0
1
1
0
0
1
1
1
1
0
0
1
1
0
0
0
0
1
1
1
1
0
1
1
0
0
1
1
0
0
0
0
1
1
1
1
0
1
1
0
0
1
1
1
1
0
0
0
0
0
0
1
1
1
1
1
1
0
0
0
0
0
0
1
1
1
1
0
1
1
0
0
1
1
1
1
0
0
0
0
0
0
1
1
1
1
1
1
0
0
0
0
0
0
1
1
1
1
0
1
1
0
0
1
1
0
0
0
0
1
1
1
1
0
1
1
0
0
1
1
1
1
0
0
0
0
0
0
1
1
1
1
1
1
0
0
0
0
0
0
1
1
1
1
0
1
1
0
0
1
1
0
0
0
0
1
1
1
1
0
1
1
0
0
1
1
1
1
0
0
0
0
0
0
1
1
1
1
1
1
0
0
0
0
0
1
1
0
0
1
1
1
1
0
0
1
1
0
0
0
1
1
0
0
1
1
1
1
0
0
1
1
0
0
0
0
1
1
1
1
0
1
1
0
0
1
1
0
0
0
0
1
1
1
1
0
1
1
0
0
1
1
1
1
0
0
0
0
0
0
1
1
1
1
1
1
0
0
1
1
0
0
0
0
0
0
1
1
1
1
1
1
0
0
0
0
0
1
1
0
0
1
1
1
1
0
0
1
1
0
0
0
1
1
0
0
1
1
1
1
0
0
1
1
0
0
0
0
1
1
1
1
0
1
1
0
0
1
1
0
0
0
0
1
1
1
1
0
1
1
0
0
1
1
1
1
0
0
0
0
0
0
1
1
1
1
1
1
0
0
1
1
0
0
0
0
0
0
1
1
1
1
1
1
0
0
0
0
0
1
1
0
0
1
1
1
1
0
0
1
1
0
0
0
1
1
0
0
1
1
1
1
0
0
1
1
0
0
0
0
1
1
1
1
0
1
1
0
0
1
1
0
0
0
0
1
1
1
1
0
1
1
0
0
1
1
1
1
0
0
0
0
0
0
1
1
1
1
1
1
0
0
1
1
0
0
0
0
0
0
1
1
1
1
1
1
0
0
0
0
0
1
1
0
0
1
1
1
1
0
0
1
1
0
0
0
1
1
0
0
1
1
1
1
0
0
1
1
0
0
0
0
1
1
1
1
0
1
1
0
0
1
1
0
0
0
0
1
1
1
1
0
1
1
0
0
1
1
1
1
0
0
0
0
0
0
1
1
1
1
1
1
0
0
1
1
0
0
0
0
0
0
1
1
1
1
1
1
0
0
0
0
0
1
1
0
0
1
1
1
1
0
0
1
1
0
0
0
1
1
0
0
1
1
1
1
0
0
1
1
0
0
0
0
1
1
1
1
0
1
1
0
0
1
1
0
0
0
0
1
1
1
1
0
1
1
0
0
1
1
1
1
0
0
0
0
0
0
1
1
1
1
1
1
0
0
1
1
0
0
0
0
0
0
1
1
1
1
1
1
0
0
0
0
0
1
1
0
0
1
1
1
1
0
0
1
1
0
0
0
1
1
0
0
1
1
1
1
0
0
1
1
0
0
0
0
1
1
1
1
0
1
1
0
0
1
1
0
0
0
0
1
1
1
1
0
1
1
0
0
1
1
1
1
0
0
0
0
0
0
1
1
1
1
1
1
0
0
1
1
0
0
0
0
0
0
1
1
1
1
1
1
0
0
0
0
0
1
1
0
0
1
1
1
1
0
0
1
1
0
0
0
1
1
0
0
1
1
1
1
0
0
1
1
0
0
0
0
1
1
1
1
0
1
1
0
0
1
1
0
0
0
0
1
1
1
1
0
1
1
0
0
1
1
1
1
0
0
0
0
0
0
1
1
1
1
1
1
0
0
1
1
0
0
0
0
0
0
1
1
1
1
1
1
0
0
0
0
0
1
1
0
0
1
1
1
1
0
0
1
1
0
0
0
1
1
0
0
1
1
1
1
0
0
1
1
0
0
0
0
1
1
1
1
0
1
1
0
0
1
1
0
0
0
0
1
1
1
1
0
1
1
0
0
1
1
1
1
0
0
0
0
0
0
1
1
1
1
1
1
0
0
1
1
0
0
0
0
0
0
1
1
1
1
1
1
0
0
0
0
0
1
1
0
0
1
1
1
1
0
0
1
1
0
0
0
1
1
0
0
1
1
1
1
0
0
1
1
0
0
0
0
1
1
1
1
0
1
1
0
0
1
1
0
0
0
0
1
1
1
1
0
1
1
0
0
1
1
1
1
0
0
0
0
0
0
1
1
1
1
1
1
0
0
1
1
0
0
0
0
0
0
1
1
1
1
1
1
0
0
0
0
0
1
1
0
0
1
1
1
1
0
0
1
1
0
0
0
1
1
0
0
1
1
1
1
0
0
1
1
0
0
0
0
1
1
1
1
0
1
1
0
0
1
1
0
0
0
0
1
1
1
1
0
1
1
0
0
1
1
1
1
0
0
0
0
0
0
1
1
1
1
1
1
0
0
1
1
0
0
0
0
0
0
1
1
1
1
1
1
0
0
0
0
0
1
1
0
0
1
1
1
1
0
0
1
1
0
0
0
1
1
0
0
1
1
1
1
0
0
1
1
0
0
0
0
1
1
1
1
0
1
1
0
0
1
1
0
0
0
0
1
1
1
1
0
1
1
0
0
1
1
1
1
0
0
0
0
0
0
1
1
1
1
1
1
0
0
1
1
0
0
0
0
0
0
1
1
1
1
1
1
0
0
0
0
0
1
1
0
0
1
1
1
1
0
0
1
1
0
0
0
1
1
0
0
1
1
1
1
0
0
1
1
0
0
0
0
1
1
1
1
0
1
1
0
0
1
1
0
0
0
0
1
1
1
1
0
1
1
0
0
1
1
1
1
0
0
0
0
0
0
1
1
1
1
1
1
0
0
1
1
0
0
0
0
0
0
1
1
1
1
1
1
0
0
0
0
0
0
1
1
1
1
0
1
1
0
0
1
1
0
0
0
0
1
1
1
1
0
1
1
0
0
1
1
1
1
0
0
0
0
0
0
1
1
1
1
1
1
0
0
0
0
0
0
1
1
1
1
0
1
1
0
0
1
1
0
0
0
0
1
1
1
1
0
1
1
0
0
1
1
1
1
0
0
0
0
0
0
1
1
1
1
1
1
0
0
0
0
0
0
1
1
1
1
0
1
1
0
0
1
1
0
0
0
0
1
1
1
1
0
1
1
0
0
1
1
1
1
0
0
0
0
0
0
1
1
1
1
1
1
0
0
0
0
0
0
1
1
1
1
0
1
1
0
0
1
1
0
0
0
0
1
1
1
1
0
1
1
0
0
1
1
1
1
0
0
0
0
0
0
1
1
1
1
1
1
0
0
0
0
0
0
1
1
1
1
0
1
1
0
0
1
1
0
0
0
0
1
1
1
1
0
1
1
0
0
1
1
1
1
0
0
0
0
0
0
1
1
1
1
1
1
0
0
0
0
0
0
1
1
1
1
0
1
1
0
0
1
1
0
0
0
0
1
1
1
1
0
1
1
0
0
1
1
1
1
0
0
0
0
0
0
1
1
1
1
1
1
0
0
0
0
0
0
1
1
1
1
0
1
1
0
0
1
1
0
0
0
0
1
1
1
1
0
1
1
0
0
1
1
1
1
0
0
0
0
0
0
1
1
1
1
1
1
0
0
0
0
0
0
1
1
1
1
0
1
1
0
0
1
1
0
0
0
0
1
1
1
1
0
1
1
0
0
1
1
1
1
0
0
0
0
0
0
1
1
1
1
1
1
0
0
0
0
0
0
1
1
1
1
0
1
1
0
0
1
1
0
0
0
0
1
1
1
1
0
1
1
0
0
1
1
1
1
0
0
0
0
0
0
1
1
1
1
1
1
0
0
0
0
0
0
1
1
1
1
0
1
1
0
0
1
1
0
0
0
0
1
1
1
1
0
1
1
0
0
1
1
1
1
0
0
0
0
0
0
1
1
1
1
1
1
0
0
0
0
0
0
1
1
1
1
0
1
1
0
0
1
1
0
0
0
0
1
1
1
1
0
1
1
0
0
1
1
1
1
0
0
0
0
0
0
1
1
1
1
1
1
0
0
0
0
0
0
1
1
1
1
0
1
1
0
0
1
1
0
0
0
0
1
1
1
1
0
1
1
0
0
1
1
1
1
0
0
0
0
0
0
1
1
1
1
1
1
0
0
0
0
0
0
1
1
1
1
0
1
1
0
0
1
1
0
0
0
0
1
1
1
1
0
1
1
0
0
1
1
1
1
0
0
0
0
0
0
1
1
1
1
1
1
0
0
0
0
0
0
1
1
1
1
0
1
1
0
0
1
1
0
0
0
0
1
1
1
1
0
1
1
0
0
1
1
1
1
0
0
0
0
0
0
1
1
1
1
1
1
0
0
0
0
0
0
1
1
1
1
0
1
1
0
0
1
1
0
0
0
0
1
1
1
1
0
1
1
0
0
1
1
1
1
0
0
0
0
0
0
1
1
1
1
1
1
0
0
0
0
0
0
1
1
1
1
0
1
1
0
0
1
1
0
0
0
0
1
1
1
1
0
1
1
0
0
1
1
0
0
0
0
0
0
0
0
0
0
0
0
0
0
0
0
0
0
0
0
0
0
0
0
0
0
0
0
0
0
0
0
0
0
0
0
0
0
0
0
0
0
0
0
0
0
0
0
0
0
0
0
0
0
0
0
0
0
0
0
0
0
0
0
0
0
0
0
0
0
0
0
0
0
0
0
0
0
0
0
0
0
0
0
0
0
0
0
0
0
0
0
0
0
0
0
0
0
0
0
0
0
0
0
0
0
0
0
0
0
0
0
0
0
0
0
0
0
0
0
0
0
0
0
0
0
0
0
0
0
0
0
0
0
0
0
0
0
0
0
0
0
0
0
0
0
0
0
0
0
0
0
0
0
0
0
0
0
0
0
0
0
0
0
)
;
}
)

// ************************************************************************* //
